16
5 0 4
5 8 9
0 9 7
8 6 4
5 1 7
9 13 9
5 14 2
9 11 4
1 2 7
14 3 1
11 10 5
6 7 6
0 4 8
9 12 7
13 15 3
5 4 5
15 2 9
4 9 1
2 11 2
11 15 5
10 7 2
0 15 1
14 12 3
1 4 9
0 1 7
14 9 2
3 11 6
4 7 6
14 10 6
12 11 6
7 14 9
2 8 4
11 5 1
13 2 8
13 7 4
10 9 4
1 10 4
9 15 1
15 10 4
8 15 3
5 12 1
8 7 4
13 8 9
14 11 2
10 13 4
4 15 2
5 6 7
2 14 5
10 0 9
2 4 7
7 11 4
15 7 6
0 14 3
14 8 9
1 11 2
2 6 5
15 3 2
8 0 8
4 13 6
15 14 8
11 4 8
7 2 7
12 10 6
10 8 9
0 13 4
6 12 7
12 0 6
6 15 3
12 15 6
0 2 4
3 7 8
8 12 6
5 13 9
6 4 7
12 2 2
12 13 2
6 10 7
5 3 6
13 11 2
8 3 4
6 11 5
15 1 2
14 1 5
12 4 1
12 3 5
0 7 1
2 10 6
10 4 5
8 9 5
2 5 8
7 12 1
0 11 6
7 1 1
13 14 1
3 6 5
4 14 9
7 9 4
6 1 5
15 5 8
5 7 1
13 1 6
3 4 5
3 10 6
2 9 1
8 1 8
4 8 2
