137
45 100 4
45 135 3
45 47 2
135 6 3
135 29 8
100 129 1
100 102 4
6 128 6
102 111 2
129 133 6
47 81 9
135 76 3
128 31 5
129 19 5
47 18 1
128 90 6
100 50 5
31 83 3
102 42 8
100 43 6
45 17 2
128 93 3
81 11 4
19 57 5
93 99 7
47 78 5
133 54 4
11 105 3
29 48 9
11 23 3
128 92 1
18 1 9
47 32 5
48 21 9
48 69 1
111 109 5
29 2 5
32 16 1
11 12 2
50 94 8
47 107 8
42 25 4
12 116 1
12 10 4
16 24 1
100 71 8
19 131 5
107 95 1
2 115 3
45 36 7
135 134 3
36 127 6
19 52 9
105 97 7
128 126 6
107 91 4
134 35 9
45 66 9
48 132 9
66 108 8
94 20 5
42 70 3
24 101 9
23 82 9
21 85 1
78 104 7
115 38 5
78 74 7
52 51 2
111 80 5
51 62 6
95 75 4
80 46 2
32 64 8
50 55 8
31 53 9
24 121 1
128 37 3
134 0 1
126 68 1
121 114 4
70 112 1
54 27 2
134 124 8
1 56 4
82 41 5
132 117 6
99 34 8
20 40 6
116 39 4
68 98 4
18 22 9
135 13 4
71 28 8
76 84 3
55 15 5
105 73 1
11 86 4
19 7 5
104 67 3
0 59 2
134 125 2
108 118 5
43 63 6
132 58 4
114 96 5
46 120 9
55 3 5
85 9 2
112 130 3
50 119 1
82 5 2
98 103 9
132 122 7
39 89 3
86 65 2
19 77 9
55 30 7
9 44 7
12 49 8
107 33 1
82 79 2
32 110 4
81 88 8
134 72 3
25 8 1
29 60 2
92 87 1
18 26 9
69 123 3
72 61 8
62 4 5
127 14 9
54 113 1
105 106 3
129 136 8
72 59 5
124 36 3
39 20 3
115 18 3
111 62 1
48 95 6
109 115 7
41 133 4
106 131 7
17 96 7
19 67 1
55 11 8
48 44 5
17 67 9
73 20 1
110 13 5
29 41 6
116 18 7
123 74 4
19 125 5
73 121 2
6 103 2
124 51 6
63 41 6
25 80 4
75 37 9
104 51 7
94 121 7
64 102 6
2 51 2
86 49 9
45 0 3
68 26 4
118 132 1
53 93 7
84 118 4
112 128 7
64 44 9
44 32 4
129 71 4
115 51 3
43 132 4
32 73 1
115 60 4
24 126 6
114 98 3
109 0 5
57 36 2
21 68 5
81 69 7
77 7 9
63 17 3
128 108 6
9 130 4
73 136 4
8 10 9
71 43 6
47 123 2
10 16 5
39 62 5
9 116 7
4 131 1
92 51 4
32 13 6
32 86 7
25 69 1
2 99 5
2 26 2
89 2 6
38 119 1
81 12 7
123 8 3
128 35 9
114 13 9
49 8 6
50 3 7
0 35 1
102 115 9
25 106 6
113 18 3
96 106 7
41 53 8
99 45 5
89 133 1
14 133 2
111 3 1
41 71 7
81 84 3
127 86 5
50 134 4
26 3 6
60 129 8
27 64 7
78 62 3
17 128 3
136 0 6
71 107 8
85 118 8
1 99 9
94 128 9
16 44 4
22 104 2
120 95 1
41 74 3
118 92 6
55 66 7
85 93 4
10 34 6
80 92 5
49 57 2
9 136 3
57 82 3
100 66 1
78 101 4
51 111 5
122 130 5
77 116 8
111 9 3
58 77 5
103 26 5
105 24 2
44 94 9
38 2 4
2 72 1
124 60 1
0 66 6
16 89 7
135 74 8
46 97 1
118 75 9
64 98 9
74 110 9
83 112 5
53 90 9
79 53 9
91 9 8
37 127 8
96 127 3
126 94 5
69 122 3
102 87 7
108 83 7
66 17 6
95 56 6
45 29 6
107 75 5
35 11 1
48 36 5
15 89 1
40 130 7
91 80 3
47 31 5
133 125 7
78 53 9
67 15 8
0 111 3
82 100 9
0 77 9
118 101 5
82 111 6
120 133 6
73 77 4
4 27 8
91 47 5
80 112 4
22 73 1
115 84 5
78 126 2
132 4 6
133 23 7
102 105 8
104 62 1
21 49 8
64 4 4
0 73 9
8 46 2
88 102 9
87 86 3
120 100 1
14 79 8
28 67 9
55 42 3
27 120 2
67 51 9
27 123 4
12 71 3
75 47 9
58 12 5
86 25 3
88 44 7
92 4 6
132 29 9
34 5 4
47 113 6
100 81 5
33 42 8
90 71 7
0 68 5
66 42 6
84 52 3
100 40 4
43 124 4
0 29 9
37 9 8
9 50 6
104 18 7
8 93 6
59 111 4
95 127 3
15 45 2
102 108 2
50 6 5
95 106 5
123 30 8
8 91 9
6 74 7
100 59 8
80 44 6
49 71 4
94 53 5
107 134 7
23 118 9
43 102 8
106 51 7
34 13 6
16 90 6
21 113 8
69 99 9
123 113 6
61 114 7
84 129 7
75 109 2
27 127 6
85 31 3
91 31 7
49 29 7
110 46 6
131 55 6
40 110 8
86 6 4
107 2 1
81 3 5
70 35 2
87 27 1
108 105 5
101 36 7
30 96 4
90 77 5
71 31 4
10 2 2
63 126 2
44 120 8
59 55 9
100 36 9
55 58 8
96 4 2
129 99 6
62 11 4
96 9 6
111 53 4
33 4 8
130 57 5
29 134 3
99 122 6
1 40 9
15 105 4
13 57 2
85 67 1
2 67 1
124 61 9
101 6 6
110 64 8
57 18 4
132 128 5
29 130 4
44 60 2
55 92 2
90 126 6
18 133 4
56 61 1
108 91 7
61 81 8
16 98 7
114 65 1
34 114 1
4 47 3
31 41 5
90 76 8
23 57 4
89 68 9
15 106 3
37 33 3
22 50 4
58 21 6
72 86 9
64 115 6
107 127 9
36 135 3
72 41 1
116 15 9
129 29 1
78 40 2
80 57 8
101 50 5
65 31 5
108 43 1
42 27 9
78 14 2
65 54 6
101 10 5
93 105 1
111 128 1
63 55 8
75 12 8
39 0 9
14 130 4
66 130 1
53 21 4
33 130 2
85 68 8
73 4 3
95 109 5
109 7 6
124 136 1
98 112 1
34 21 6
65 116 5
53 32 7
96 83 2
35 7 4
126 15 5
63 7 1
88 79 7
102 114 6
39 105 2
85 74 3
48 47 3
131 83 4
98 30 7
103 56 9
11 96 3
39 91 5
124 127 5
67 74 4
24 41 9
25 39 5
80 20 9
6 126 3
122 5 2
36 55 3
24 65 2
110 129 8
103 67 1
95 101 6
117 59 9
107 3 9
101 76 3
105 67 8
33 118 2
15 47 4
99 112 7
33 133 8
93 86 3
47 29 4
61 0 2
88 122 8
80 82 2
51 114 7
20 43 3
27 67 4
60 28 4
78 88 3
36 93 4
8 58 5
25 107 8
61 2 1
107 117 5
23 69 5
113 111 5
90 111 6
109 119 1
102 86 8
8 89 4
10 74 7
135 127 5
80 6 5
93 31 8
94 3 9
57 54 1
24 133 1
21 131 7
134 6 3
36 31 6
70 64 2
79 105 9
115 68 1
119 100 8
129 54 2
2 119 4
20 117 3
6 107 2
22 100 4
66 9 3
119 130 5
93 1 7
121 31 2
54 131 3
39 76 2
122 94 7
21 8 2
35 85 7
48 91 9
0 86 8
36 119 5
136 122 2
26 14 1
104 42 2
45 56 4
4 87 5
110 25 4
122 119 6
28 27 4
69 92 3
3 16 8
44 107 6
110 66 1
66 123 8
60 58 6
7 10 9
68 135 1
83 69 2
31 29 6
33 128 9
103 80 1
91 135 5
0 110 9
9 60 9
110 94 9
1 31 3
129 123 9
34 96 3
24 115 3
101 4 5
71 51 1
117 113 4
127 19 1
134 12 1
126 0 1
112 29 8
104 24 1
86 29 1
51 133 9
106 116 2
123 29 8
101 17 9
52 125 3
47 100 2
68 18 8
27 121 6
38 27 9
111 31 3
69 78 1
86 28 1
104 40 4
109 32 2
46 58 5
119 34 3
33 69 4
105 119 2
82 91 2
92 67 4
81 89 3
109 124 6
26 82 8
37 69 5
100 117 6
38 22 1
11 49 8
73 123 1
44 95 3
4 8 6
17 136 3
40 23 2
89 108 9
136 54 2
85 30 2
81 111 1
83 35 6
43 22 4
2 88 8
48 89 7
53 113 7
67 131 1
76 74 4
130 93 5
13 121 6
75 133 1
9 123 2
12 70 8
40 132 7
80 34 7
55 87 4
16 102 2
72 130 6
73 40 3
109 101 6
35 135 7
100 93 1
117 48 8
115 11 8
107 110 8
123 11 9
20 48 4
94 68 7
95 49 2
0 95 6
127 87 7
30 49 9
38 44 2
95 21 9
29 33 8
87 5 3
98 127 4
38 132 5
71 86 1
89 111 3
52 75 6
113 94 5
65 91 3
96 74 1
103 17 4
114 80 6
114 52 5
98 47 6
135 75 5
106 64 7
36 11 2
111 58 8
97 21 9
41 107 6
64 6 2
14 103 8
133 70 7
93 103 8
29 87 2
63 47 5
109 43 7
4 2 2
81 93 3
78 123 1
124 6 5
121 91 8
17 75 7
10 11 9
128 22 7
63 82 7
21 17 9
14 126 4
9 39 7
122 93 6
113 11 7
18 0 3
45 60 5
124 128 6
39 118 8
74 31 6
125 36 5
40 102 1
83 66 7
82 127 7
103 51 3
116 85 6
90 103 1
109 62 4
104 35 9
118 16 2
99 19 1
124 108 5
72 62 3
11 70 7
53 91 8
127 4 8
75 73 3
103 9 7
72 27 8
34 103 7
78 28 6
37 39 2
133 94 2
133 42 7
107 136 3
7 38 4
11 3 4
0 129 4
50 88 1
41 46 6
7 49 4
84 86 7
114 40 4
134 37 2
120 54 1
72 63 6
61 73 4
43 41 9
126 85 8
54 50 7
13 12 6
100 20 4
85 65 6
43 84 2
77 89 8
30 80 6
28 130 9
89 28 6
129 11 6
5 118 9
74 126 2
31 9 5
101 48 3
3 38 7
0 67 6
2 40 2
80 51 4
32 42 5
44 100 2
122 51 5
118 35 5
126 23 5
130 127 6
1 80 4
90 115 1
67 88 9
120 16 4
84 104 5
50 20 2
67 122 8
13 134 3
72 101 4
5 75 6
68 127 6
136 63 6
104 2 1
88 65 5
100 9 9
45 6 2
88 53 8
121 98 3
51 14 6
77 131 2
133 101 9
73 66 8
49 125 5
96 47 7
1 103 5
131 10 5
19 72 4
65 110 5
29 94 9
109 47 4
109 121 3
127 52 7
66 122 1
130 131 5
62 34 4
64 131 2
90 78 1
23 66 6
131 68 5
85 12 3
18 66 5
29 77 9
87 52 1
31 117 2
45 83 6
24 26 6
130 77 6
72 75 2
53 18 4
91 5 8
67 65 9
109 116 1
61 7 8
0 79 9
11 34 3
113 116 1
104 100 9
34 20 3
0 48 4
129 82 2
89 34 1
49 88 3
65 80 9
35 74 8
16 62 6
116 133 7
20 111 7
56 105 9
73 27 4
116 78 1
51 82 3
21 128 2
119 133 6
129 121 4
70 136 3
57 78 5
112 8 8
83 77 6
80 59 7
90 36 6
65 81 3
115 55 2
107 26 5
121 56 3
32 125 6
96 89 6
93 63 9
53 109 5
30 91 4
10 134 8
55 84 3
85 77 7
85 102 8
85 59 8
40 47 8
48 37 1
102 8 7
90 13 2
111 115 5
7 96 8
68 77 1
53 64 3
40 106 1
109 45 1
96 104 7
77 51 9
119 46 5
90 135 2
107 83 7
69 105 7
34 40 4
38 13 8
118 63 2
104 70 2
110 91 4
113 9 2
96 109 7
35 41 8
26 64 4
111 134 8
3 33 9
17 20 7
82 19 9
55 31 7
116 120 4
113 125 7
2 55 7
38 68 3
72 90 3
68 122 1
95 132 7
80 122 5
90 22 8
102 49 3
36 126 1
129 116 8
68 11 4
69 84 3
131 24 2
91 58 1
28 136 7
9 126 5
61 14 7
63 113 1
33 47 1
62 8 7
64 83 7
25 111 6
135 1 8
111 117 7
92 34 5
96 88 5
60 64 5
62 121 1
100 65 4
75 40 9
79 11 8
98 48 7
50 120 9
81 121 4
120 40 7
3 113 2
80 104 9
63 128 4
62 131 4
90 51 3
93 65 5
91 4 4
16 28 9
113 13 7
126 2 6
100 108 3
129 59 4
88 37 9
68 112 8
62 76 7
136 34 1
97 48 9
41 20 7
43 38 4
39 17 8
14 13 4
128 107 7
30 86 5
11 82 6
117 43 4
116 90 1
49 126 7
123 55 6
102 48 7
86 54 3
21 36 7
104 99 5
127 126 2
41 69 3
124 89 2
73 117 5
104 71 2
82 32 6
101 68 7
62 64 6
36 8 7
78 136 9
3 67 2
0 127 7
75 25 8
50 35 1
59 132 1
2 84 1
49 87 5
65 57 2
127 22 7
102 23 2
90 1 2
56 91 4
91 16 2
116 115 8
2 17 9
50 57 4
40 80 6
106 115 3
26 133 4
49 9 3
21 96 4
46 129 3
114 74 9
63 5 1
64 67 7
21 123 5
112 82 5
73 100 8
88 47 5
107 100 6
125 122 1
89 132 5
83 2 6
125 135 4
136 18 7
120 19 6
3 54 2
35 126 5
124 28 8
27 108 2
53 73 9
36 89 5
58 90 3
5 46 8
68 124 4
98 86 2
66 6 2
70 106 1
124 130 4
41 49 6
95 82 8
56 6 2
50 29 7
4 21 8
129 55 7
47 89 1
27 45 1
124 96 1
49 111 5
112 32 5
43 128 6
94 5 2
14 48 6
98 93 8
24 13 3
117 5 4
61 64 3
96 60 5
90 10 9
121 69 2
53 72 2
34 102 9
106 28 8
96 27 4
72 93 2
15 108 8
62 15 8
30 74 2
79 51 6
23 93 2
74 40 5
96 49 5
75 93 4
77 8 7
13 49 3
80 27 9
42 135 7
49 17 8
95 88 3
9 27 8
123 59 8
104 136 2
48 68 1
133 21 7
32 75 5
123 63 1
79 61 2
82 90 1
15 119 3
117 81 6
24 119 4
24 88 4
103 43 6
94 106 9
115 41 4
73 36 3
32 102 1
64 136 9
32 133 3
123 26 1
69 89 7
62 53 3
76 124 5
67 121 1
101 14 4
120 89 7
93 57 1
117 90 6
2 44 9
94 36 8
66 60 1
97 79 9
78 0 9
105 120 7
52 74 6
103 96 1
36 56 7
104 92 3
68 99 9
105 136 5
55 79 3
10 47 5
85 64 5
0 131 7
85 10 1
43 135 3
39 135 3
57 66 7
110 131 5
52 55 4
19 93 7
71 65 8
136 132 9
23 127 6
123 56 1
55 34 2
52 37 5
28 105 5
70 80 2
50 5 2
88 92 2
121 113 3
86 3 4
68 90 9
9 25 3
53 3 2
75 68 8
111 32 8
101 37 1
18 15 3
53 9 5
45 63 6
32 54 3
103 100 4
76 103 2
93 124 9
99 110 6
81 71 3
82 124 4
93 87 9
38 51 9
25 88 5
127 75 7
88 54 2
47 131 1
41 19 8
99 67 2
11 53 1
76 61 7
70 123 3
76 94 7
64 126 1
116 46 4
89 60 8
132 53 4
115 69 9
114 67 8
59 64 2
128 134 5
129 27 5
86 44 8
129 94 6
89 53 8
135 133 4
10 3 3
104 73 8
135 65 6
13 37 7
90 46 4
111 93 8
136 10 6
23 84 9
86 59 1
24 21 9
121 7 9
54 25 9
88 48 9
62 56 2
125 73 1
78 132 8
57 64 8
24 57 2
118 20 9
105 68 2
87 62 2
33 93 9
46 37 1
72 136 7
46 18 5
72 39 3
47 24 4
62 77 2
19 26 4
85 41 3
132 39 1
110 89 5
75 84 4
131 121 9
106 2 2
36 16 2
16 58 2
118 45 7
41 106 8
3 14 4
24 92 9
92 105 1
103 23 3
97 72 5
136 108 1
135 50 3
125 6 4
40 101 2
90 92 7
41 11 6
44 0 9
136 99 4
37 125 4
80 72 2
4 14 9
127 92 4
130 126 5
49 52 7
116 29 3
59 94 6
35 79 7
99 35 6
41 99 4
63 74 2
54 101 3
121 136 2
23 42 1
9 40 5
92 36 7
129 101 9
69 46 4
133 30 1
68 129 4
3 2 4
61 30 6
86 96 5
23 30 9
26 28 7
106 134 2
27 132 9
60 15 7
44 15 1
31 123 4
113 33 9
81 48 6
7 68 7
116 10 7
67 128 4
6 95 7
13 68 5
36 0 5
77 126 8
49 33 2
118 54 7
14 109 7
104 10 1
24 64 9
60 68 7
103 116 6
78 72 9
109 106 7
104 118 7
104 97 7
111 41 6
26 48 6
121 47 5
113 90 3
56 92 9
104 68 5
75 99 3
55 10 5
16 20 3
40 96 6
91 50 6
81 108 6
99 83 1
30 132 4
66 39 8
94 56 4
64 11 9
124 15 2
6 105 2
7 101 2
8 98 7
113 40 4
26 72 4
6 4 7
135 109 8
50 34 9
66 129 8
109 82 7
127 61 5
114 129 8
53 124 7
127 78 9
50 2 6
12 53 2
18 3 5
42 125 3
80 97 4
68 120 3
130 75 2
33 134 2
94 98 5
74 128 6
16 47 3
135 80 3
40 57 2
23 53 7
21 71 7
85 104 3
44 30 1
30 36 6
93 43 5
17 135 7
17 110 9
126 12 1
13 74 1
1 128 7
102 118 6
52 120 6
41 123 7
16 80 2
112 5 8
38 75 9
13 2 8
12 65 3
135 102 9
47 74 8
29 42 1
101 131 7
19 55 2
119 94 3
49 81 2
13 53 8
77 129 7
98 100 7
56 130 8
48 129 6
119 17 8
10 88 1
89 54 6
88 61 1
134 86 1
36 18 3
48 128 2
110 122 9
74 15 9
45 84 8
99 97 4
42 53 3
127 17 9
127 111 6
107 31 5
124 121 5
55 73 9
36 83 1
100 96 4
5 15 8
43 69 5
25 91 7
91 55 5
81 14 6
24 102 1
119 77 3
43 68 1
21 32 4
34 72 2
39 125 2
107 62 7
38 35 8
24 130 1
75 115 8
50 84 4
126 29 7
26 102 5
120 11 1
37 83 5
63 76 5
40 86 5
27 82 9
87 77 6
31 75 8
28 95 5
66 14 1
52 42 5
126 82 1
128 10 3
86 136 8
82 30 4
122 29 8
92 44 5
27 106 8
21 16 5
33 0 4
17 53 4
80 108 2
99 59 9
73 71 5
12 17 1
89 114 2
17 65 6
130 85 9
97 102 5
36 97 4
61 134 8
44 106 9
61 68 9
61 37 4
60 103 2
27 55 2
92 8 4
18 51 9
113 133 1
90 34 1
113 42 6
80 118 9
22 118 4
122 25 2
48 75 9
21 25 3
62 122 9
36 130 5
50 86 1
116 43 5
73 1 4
74 125 6
134 80 8
3 117 1
93 46 7
32 24 5
48 115 7
8 33 7
37 31 7
134 55 2
6 120 4
15 66 6
24 52 5
85 61 4
109 134 8
31 0 3
110 38 9
109 52 3
71 99 2
4 22 7
41 12 9
15 136 1
59 113 9
57 108 4
63 83 2
92 48 9
102 28 9
127 119 2
60 50 2
36 5 2
27 62 4
36 120 9
72 76 8
45 111 5
8 61 2
46 92 1
22 20 4
114 70 1
125 4 4
105 54 8
2 82 6
103 118 6
96 23 5
104 14 7
19 20 6
10 17 4
100 97 9
69 0 2
21 79 9
89 22 6
72 121 4
108 127 7
85 82 9
2 79 9
52 25 2
43 17 8
43 8 5
40 122 2
67 130 8
130 108 9
75 42 9
117 9 1
46 45 1
72 132 4
45 24 6
66 124 3
77 50 4
9 82 5
136 88 5
109 15 6
28 83 1
133 104 4
64 23 7
130 114 1
130 91 7
127 69 2
108 106 7
59 66 3
84 25 6
61 16 1
34 26 7
77 107 6
61 31 8
122 8 9
117 26 1
81 10 8
129 107 3
62 38 8
62 73 8
97 42 7
58 70 6
122 18 3
3 105 3
129 28 4
38 73 1
83 20 7
17 78 1
64 16 7
34 108 6
85 115 9
78 124 5
72 108 5
100 35 7
69 3 2
56 70 6
55 71 4
80 78 5
109 128 8
125 94 5
40 115 3
136 85 7
29 92 7
56 85 4
11 92 6
131 79 4
13 109 3
118 76 9
33 15 3
6 3 1
28 66 5
66 56 3
62 19 4
20 9 6
101 127 2
81 22 6
45 5 2
136 109 3
133 74 1
17 81 1
36 58 5
123 19 4
11 80 9
122 55 6
133 115 7
80 22 6
59 57 4
10 13 5
95 103 6
66 95 9
107 24 5
18 55 1
34 123 6
108 101 4
55 53 6
21 87 2
36 20 2
60 135 8
1 78 2
7 27 5
90 15 7
125 62 9
119 4 5
59 70 3
120 35 1
20 60 1
78 76 6
109 76 9
34 109 8
78 46 8
97 73 9
127 118 7
95 110 2
117 104 8
26 44 9
60 23 9
108 56 4
25 70 8
62 1 5
132 10 7
105 82 5
21 42 3
91 32 3
32 28 3
19 18 1
63 80 5
17 70 9
54 134 6
31 62 2
79 120 2
38 74 1
109 102 3
78 117 3
119 76 7
131 135 7
8 90 7
14 75 4
34 59 2
42 68 9
84 130 6
93 20 3
14 17 5
43 90 5
5 12 2
68 44 3
134 114 3
108 59 1
80 4 5
14 50 3
117 33 9
133 91 6
128 62 2
41 93 1
102 132 6
68 53 1
32 118 6
28 31 5
93 82 4
129 119 2
127 128 7
86 109 1
48 116 9
11 114 8
8 76 3
112 115 3
106 128 5
46 86 1
27 78 5
109 122 8
113 134 9
121 116 7
23 120 7
56 135 4
99 78 1
7 37 7
70 13 6
24 46 3
49 70 7
63 102 4
23 135 4
78 82 1
0 93 1
121 36 9
133 43 3
12 9 4
35 87 7
128 29 6
48 34 2
58 5 3
65 113 1
90 62 7
39 111 4
57 131 7
22 122 4
57 37 9
109 97 4
10 82 9
99 132 4
8 68 9
61 51 5
90 69 1
129 16 1
35 124 7
52 79 9
89 78 2
62 84 5
101 100 4
27 122 8
69 114 8
64 2 5
117 52 6
45 96 5
74 24 4
110 37 2
68 54 8
126 27 8
67 96 4
20 132 3
55 82 1
31 48 1
99 108 4
56 74 6
136 62 7
108 70 6
134 57 1
22 63 7
53 29 9
119 90 8
96 56 1
68 36 9
24 51 6
47 115 3
94 2 4
29 13 2
33 50 4
12 78 8
28 107 5
110 28 7
68 37 2
33 90 6
99 21 6
134 95 5
69 53 7
101 33 4
114 77 6
99 56 7
75 123 9
44 21 7
21 129 4
43 33 2
94 37 8
6 94 3
36 64 1
2 35 8
119 121 1
32 31 7
66 8 5
32 26 4
43 12 3
19 11 9
134 89 1
67 79 7
88 19 8
109 90 3
69 17 8
108 44 6
4 135 4
112 121 3
136 12 4
78 19 3
51 54 3
49 109 7
133 63 8
74 16 3
26 118 8
11 77 9
124 133 3
134 63 2
67 134 9
100 114 9
134 39 8
107 9 1
22 32 5
101 57 6
36 37 4
97 124 6
123 87 6
87 48 9
69 82 9
16 46 4
85 16 2
131 28 3
118 95 6
84 116 4
104 27 7
71 30 6
18 61 3
12 74 7
50 87 2
110 77 6
129 124 3
30 57 1
59 44 5
26 0 1
7 30 7
13 75 9
83 0 4
73 17 9
133 72 9
69 77 6
65 3 7
96 135 9
99 60 9
11 30 3
7 116 5
121 10 5
111 4 3
103 111 9
75 55 7
86 119 8
18 8 7
111 66 7
55 48 9
85 120 6
57 33 7
11 56 8
0 10 5
57 46 5
133 132 9
6 99 5
68 71 6
131 126 4
19 14 5
121 6 8
65 123 4
133 2 2
123 42 5
32 119 1
97 75 3
80 133 1
70 45 8
30 56 2
30 31 8
85 43 8
93 116 7
20 14 5
4 19 5
46 7 8
59 110 1
84 93 3
5 21 1
28 132 8
58 57 9
57 63 2
103 11 2
50 96 7
101 119 7
90 114 2
118 65 1
131 1 3
18 23 7
80 17 4
95 131 6
57 27 2
110 41 4
122 57 6
126 135 7
92 17 1
91 102 2
134 99 7
49 64 7
36 91 7
75 102 8
88 131 7
65 105 9
41 56 6
74 132 7
118 42 3
105 50 2
121 52 5
2 93 9
41 54 5
103 16 2
55 132 3
128 125 9
63 42 3
48 28 5
102 112 7
11 106 9
101 39 7
108 35 4
82 61 8
18 16 8
82 120 8
132 56 1
86 19 7
79 65 6
49 26 9
77 132 7
101 135 1
43 25 1
23 121 3
11 48 8
69 51 7
20 13 8
113 35 6
59 106 5
90 45 9
63 10 2
108 6 8
49 45 9
111 46 5
119 111 6
72 28 1
101 30 5
15 53 6
12 47 1
56 87 6
7 31 7
127 100 7
107 64 1
106 42 5
120 124 3
55 74 8
104 82 5
49 59 3
54 84 6
23 63 7
1 63 6
112 132 1
122 118 3
42 4 9
81 115 4
51 12 1
64 119 2
97 28 1
107 58 5
127 74 1
74 109 4
136 89 3
123 94 6
15 4 4
32 60 7
98 120 6
41 118 3
133 87 1
110 51 1
116 118 2
76 11 4
108 13 7
4 50 4
110 121 4
24 73 1
134 83 1
124 29 7
25 113 9
98 80 2
17 122 7
88 42 9
20 131 1
105 124 8
28 35 2
2 135 5
52 100 8
57 0 8
38 71 9
114 133 3
36 82 6
108 33 4
128 82 7
114 23 3
58 101 1
84 77 4
131 56 2
70 50 8
13 78 3
28 98 9
120 135 4
110 67 4
26 61 7
130 64 2
108 60 4
83 27 6
35 25 3
119 21 9
81 123 9
67 108 2
118 2 1
41 135 8
132 32 4
126 117 2
104 64 7
130 62 6
54 64 4
68 40 4
97 89 7
113 89 9
127 12 3
7 136 2
72 16 5
124 85 3
41 80 7
118 28 7
131 129 5
72 30 3
97 77 8
7 76 2
30 54 7
78 10 5
79 42 6
74 107 5
10 51 5
37 89 7
17 22 9
91 131 7
20 29 2
92 101 7
98 66 4
50 32 1
7 84 8
3 17 5
99 98 2
20 134 5
48 5 3
65 77 1
113 26 5
40 69 4
124 2 8
115 93 4
64 65 2
129 72 5
1 16 3
33 97 1
131 44 1
97 26 2
98 90 1
76 31 9
67 9 4
9 22 5
115 99 3
89 46 2
99 30 8
30 129 5
79 96 1
128 114 5
98 105 9
54 125 1
67 11 5
56 57 9
38 24 5
97 17 5
82 119 7
28 36 2
32 62 5
18 110 3
101 27 4
120 132 9
123 104 5
2 114 4
74 61 9
62 83 4
14 34 7
127 15 6
42 3 8
39 35 9
70 131 5
35 81 1
91 71 9
63 70 8
100 34 5
34 69 9
70 62 5
111 94 6
6 113 6
17 98 3
96 70 2
118 109 8
87 88 1
95 92 3
12 40 2
40 124 4
59 76 6
54 5 2
117 85 3
113 75 5
28 51 3
5 43 4
75 34 2
135 71 4
113 31 6
77 75 5
86 26 4
79 16 8
5 80 8
120 110 5
55 69 3
32 87 1
56 88 4
22 33 5
58 118 1
26 51 6
10 40 4
39 34 7
65 46 9
118 30 2
114 115 3
132 9 3
35 132 3
81 76 6
33 36 9
127 76 7
113 87 8
90 99 2
101 111 1
61 77 5
42 16 4
73 80 9
46 73 6
25 56 3
85 33 4
36 99 2
16 40 9
61 23 8
25 18 2
27 66 4
87 125 3
67 107 1
100 68 4
40 28 4
8 12 9
16 81 1
128 16 3
65 82 9
31 63 6
13 43 9
5 40 1
75 114 1
61 36 5
125 124 5
39 56 3
129 120 6
94 70 7
91 120 8
134 62 3
9 3 1
134 98 4
116 34 7
123 89 1
1 77 3
20 31 2
28 85 2
83 105 6
122 16 2
1 107 5
111 61 9
56 75 6
17 79 5
55 60 8
5 0 6
21 127 4
55 103 5
37 130 9
118 47 7
53 101 7
13 89 8
66 20 9
63 125 7
121 85 1
127 8 2
100 67 5
73 113 1
83 70 9
66 41 1
27 23 6
23 100 7
123 46 6
131 96 3
0 106 1
108 19 4
18 62 7
101 73 5
14 59 6
121 48 8
85 119 1
54 87 6
52 54 7
106 46 3
116 68 6
1 22 2
124 19 3
116 99 3
43 70 9
39 58 1
123 71 3
115 13 9
127 13 2
103 48 1
87 20 3
94 66 8
65 112 7
70 71 4
85 58 2
29 14 4
132 111 2
43 120 2
83 39 5
98 122 7
56 98 8
10 5 6
68 14 8
18 52 9
69 75 2
19 112 6
106 86 6
123 53 4
57 81 7
69 4 8
136 43 5
59 27 4
69 68 3
41 75 7
64 1 1
70 2 7
74 33 7
58 130 9
86 42 6
89 32 1
32 76 9
32 74 4
136 53 5
100 29 9
103 107 5
79 71 1
18 94 3
89 79 2
120 42 3
56 64 7
72 67 1
53 2 6
84 4 1
10 117 4
47 103 8
37 95 4
63 50 9
65 97 5
41 78 4
100 41 7
10 50 8
18 118 1
48 39 9
73 10 5
119 88 4
55 90 7
47 13 6
57 84 4
86 60 8
124 5 9
76 82 4
78 95 9
32 57 8
2 98 7
119 106 1
86 115 3
65 37 9
85 98 6
109 98 4
71 48 7
15 50 7
24 5 4
116 21 1
32 10 6
130 44 9
82 38 7
52 69 1
93 7 4
34 77 1
114 81 8
95 124 4
35 54 6
89 17 5
98 21 4
95 129 3
100 106 7
123 18 9
54 17 6
40 56 7
2 21 2
121 15 7
83 4 4
131 69 8
4 48 1
16 5 3
74 57 3
28 2 4
31 112 9
91 15 1
76 86 7
16 4 6
92 79 6
107 53 3
23 13 9
64 9 7
22 93 6
114 119 3
134 26 7
6 109 6
2 97 3
7 23 8
29 101 1
52 131 8
113 62 2
27 8 5
112 88 5
124 13 2
77 78 7
101 89 6
86 101 4
27 97 7
21 46 3
9 7 9
106 43 1
69 29 1
42 46 6
113 46 9
98 33 3
64 14 4
107 126 4
111 19 5
66 52 7
83 10 8
130 65 3
12 57 4
127 38 2
108 74 8
70 51 2
103 37 6
117 37 3
69 134 1
30 100 7
71 82 6
120 97 4
100 21 4
12 124 7
94 4 7
37 74 5
51 49 4
92 100 5
28 22 8
5 1 7
23 39 8
91 75 1
51 30 9
42 65 6
127 112 7
56 53 3
131 37 9
102 51 9
59 115 3
41 64 6
55 106 5
115 70 8
134 74 8
56 33 6
46 128 9
6 70 1
16 105 1
122 78 7
24 72 2
21 35 4
65 7 6
75 20 4
131 94 2
11 42 2
130 116 5
134 36 9
24 71 7
131 30 2
67 33 9
93 129 5
93 21 2
42 99 5
77 37 1
86 68 7
93 45 6
128 65 1
103 54 9
66 78 9
132 13 8
118 121 4
122 52 4
94 11 7
82 47 2
30 0 6
123 124 9
55 83 9
16 67 3
63 106 8
6 136 9
25 13 2
61 22 8
86 61 7
41 37 8
33 83 4
65 92 7
86 10 2
86 43 1
57 73 6
125 40 1
25 60 3
48 122 1
111 57 3
114 84 4
134 88 8
86 120 1
25 4 6
29 21 4
75 26 9
11 132 8
25 53 7
69 18 7
111 52 5
24 40 3
104 45 5
124 18 3
16 78 7
23 31 7
105 109 1
71 16 7
78 32 7
36 46 9
1 97 7
112 30 6
52 71 7
39 100 6
125 84 3
49 63 4
44 102 2
98 87 5
88 82 5
66 96 2
55 72 4
122 127 1
126 105 7
56 23 7
73 126 7
61 131 2
81 85 5
14 83 2
119 124 6
88 100 4
61 78 8
45 23 5
127 136 6
113 118 8
67 20 7
83 74 9
44 27 4
83 1 9
29 82 8
112 48 3
62 115 5
95 53 2
131 90 9
73 89 8
110 36 2
58 86 8
46 14 4
47 97 6
17 38 7
23 67 3
114 8 5
119 57 7
25 124 1
115 66 4
128 136 6
96 48 7
114 110 7
32 33 2
71 11 1
132 49 9
49 62 2
116 41 8
136 58 3
80 12 6
17 109 8
37 25 2
0 94 3
92 106 4
110 48 6
80 106 2
90 122 9
73 114 2
18 37 2
70 18 9
51 58 6
15 71 1
74 51 7
26 67 4
130 90 8
54 71 1
116 83 4
104 122 9
120 104 5
80 110 4
80 107 5
89 64 6
71 116 9
96 43 5
49 55 2
17 114 3
60 111 9
37 106 6
1 27 5
94 69 2
3 120 7
11 60 4
31 81 8
49 92 7
71 39 5
33 13 6
31 115 9
12 72 9
25 131 8
19 59 7
118 38 7
36 29 4
30 93 2
86 5 4
70 4 1
130 136 7
97 6 9
45 108 6
87 72 5
110 112 6
119 70 4
8 7 8
57 76 1
108 131 6
60 110 4
110 49 3
135 3 8
123 122 9
74 131 9
14 0 2
102 89 6
8 119 9
100 122 9
26 42 9
31 26 3
38 16 7
121 28 9
102 120 2
17 104 9
42 9 3
51 135 3
95 64 9
38 106 8
17 134 3
85 103 9
96 5 2
0 105 8
135 49 4
45 119 3
25 29 2
2 129 7
100 13 3
111 105 8
24 12 8
24 8 7
6 104 7
37 17 9
111 30 2
87 103 4
85 111 6
17 18 7
126 51 1
59 11 2
19 92 3
30 1 8
0 115 5
1 38 6
93 114 4
99 10 8
108 62 4
66 61 1
5 119 1
3 89 5
102 130 7
102 19 7
93 26 7
128 98 1
134 18 4
113 128 5
37 99 6
19 44 8
11 98 4
8 31 9
134 8 9
106 29 5
66 35 3
109 110 2
45 80 4
104 110 4
104 74 9
20 82 4
103 128 5
129 6 9
55 1 4
50 66 1
88 15 7
28 109 2
63 94 9
114 46 6
2 80 7
123 25 6
81 125 8
103 52 2
111 133 3
48 123 8
58 100 1
8 121 6
45 76 1
6 67 1
26 98 5
92 21 5
78 112 7
132 60 2
103 84 1
22 77 3
135 110 9
30 37 9
87 11 5
90 23 8
30 88 8
18 42 2
46 2 1
49 48 1
58 99 9
117 34 2
72 10 1
87 119 7
30 73 9
75 121 3
93 127 1
5 7 5
34 52 5
30 113 8
33 88 2
92 22 6
43 66 7
133 92 5
107 131 1
52 115 8
62 93 4
117 91 5
12 115 5
98 53 6
5 131 6
1 106 5
120 83 3
134 102 5
2 7 3
6 30 4
114 43 6
91 89 2
136 11 3
83 110 8
90 5 1
119 16 1
93 15 7
126 115 4
104 65 8
58 82 1
3 84 3
128 70 6
3 82 7
69 72 3
11 21 6
40 36 6
87 109 6
78 50 9
104 128 7
21 1 6
76 30 7
6 11 2
8 67 4
102 77 3
119 63 1
130 110 5
131 34 7
22 5 8
128 83 4
37 90 7
49 80 7
14 108 3
6 61 4
79 95 3
34 43 3
66 33 8
80 125 7
25 10 5
95 13 7
55 114 9
108 3 1
102 62 5
136 113 2
75 6 3
36 77 8
134 116 6
23 6 4
83 42 3
71 108 2
78 115 8
39 21 5
32 25 4
126 59 2
86 1 8
46 124 9
116 56 5
34 74 8
25 23 7
53 70 9
4 99 4
25 58 5
94 9 7
135 128 5
2 110 4
75 29 8
103 21 1
95 117 7
22 112 5
118 98 4
130 42 9
112 27 8
115 29 1
7 103 1
103 73 6
71 42 9
116 22 8
67 75 9
119 99 4
119 103 2
111 77 7
90 9 9
122 97 9
58 56 4
85 105 5
112 12 3
83 60 4
58 15 9
16 112 8
82 110 4
28 53 1
53 114 6
130 26 5
127 3 5
78 29 3
51 109 1
45 107 4
18 127 8
28 7 9
52 76 5
82 43 8
83 13 8
37 53 4
42 64 6
87 69 4
1 113 1
126 53 8
97 41 6
119 79 9
45 103 5
7 11 8
91 44 8
22 6 6
20 125 1
132 47 1
117 40 9
73 116 6
78 6 1
101 19 6
128 66 5
57 91 3
129 33 3
52 21 4
0 118 7
126 48 2
73 128 5
107 115 2
113 126 5
118 74 8
86 12 6
129 22 1
59 109 5
34 95 2
121 96 7
81 128 6
115 101 6
103 30 1
132 37 8
88 14 5
50 115 3
23 28 2
45 120 3
128 79 6
132 90 5
73 19 4
45 14 4
74 112 1
25 119 9
130 32 1
97 110 3
81 119 7
122 107 6
46 132 8
65 69 9
54 8 6
49 37 8
128 75 9
112 116 4
50 98 1
64 90 2
57 45 1
77 33 5
135 117 2
72 128 4
15 70 5
34 31 7
55 26 2
45 12 7
24 33 5
58 92 7
99 25 5
61 100 7
0 49 2
115 125 1
78 55 6
85 127 5
104 41 8
79 132 7
112 34 6
106 122 7
22 2 7
34 122 9
88 29 9
7 99 3
17 90 1
70 20 9
60 41 9
108 73 2
92 83 8
80 99 6
75 64 4
31 4 1
72 110 4
123 127 6
98 20 4
77 96 5
104 83 2
101 32 8
14 47 1
9 115 6
47 51 9
42 39 4
86 51 1
111 106 8
109 120 2
74 20 1
101 112 6
46 20 1
6 40 2
87 64 6
4 93 2
132 105 1
64 125 9
135 84 4
124 135 6
93 3 2
33 109 9
53 105 8
63 58 8
19 97 7
15 37 9
23 58 3
98 81 1
43 122 7
103 123 2
119 40 9
31 40 5
2 43 7
19 60 8
102 96 6
54 70 5
24 49 8
129 83 7
122 53 7
96 46 5
13 61 9
90 39 1
121 120 4
87 25 1
16 19 9
44 51 4
43 74 6
47 136 2
131 63 8
57 11 2
118 3 8
95 58 5
90 48 1
25 83 1
131 53 2
6 77 5
37 76 7
24 86 5
66 102 9
108 122 3
8 105 5
64 78 4
59 104 8
18 21 1
121 0 3
24 7 5
53 83 1
13 50 1
71 14 5
10 41 6
36 115 6
77 10 3
68 128 5
124 31 1
35 62 5
55 6 7
52 91 9
45 42 3
8 60 8
99 57 3
100 62 9
107 51 6
11 20 8
94 99 2
111 76 7
0 103 7
79 111 7
31 15 4
21 40 3
43 110 9
56 84 4
67 73 6
94 115 9
103 46 1
126 47 7
14 113 8
125 29 4
60 43 6
102 33 2
91 22 6
29 27 2
97 37 4
19 30 3
91 113 2
23 130 4
107 82 4
92 70 8
16 99 3
7 44 1
106 120 7
2 111 2
71 6 4
98 23 6
65 108 2
13 1 4
112 79 8
84 37 4
125 92 7
8 118 7
91 59 9
72 64 9
42 116 7
85 11 7
118 70 5
11 37 7
102 103 7
28 44 8
49 98 3
29 91 8
101 46 2
127 83 2
102 7 4
77 136 1
13 48 3
45 114 1
9 121 9
123 112 6
62 97 5
90 120 7
133 46 8
6 37 2
7 43 8
75 16 1
108 4 4
84 24 3
34 84 1
106 87 6
110 93 4
24 91 5
60 93 5
121 126 9
34 118 5
112 63 6
114 112 1
45 69 5
58 52 1
50 44 5
37 135 3
26 33 2
125 44 4
133 49 3
34 68 1
6 96 9
90 86 6
12 54 1
129 17 5
100 113 3
121 83 8
76 1 4
76 83 1
64 46 9
101 96 7
18 93 8
113 72 5
92 28 4
13 45 7
133 78 7
63 124 8
109 112 6
4 107 1
85 32 9
57 120 3
105 22 4
43 4 8
125 56 3
71 35 7
118 86 3
37 42 5
80 124 8
26 56 2
114 63 4
14 63 8
88 76 9
112 87 5
54 117 1
134 25 5
96 120 7
17 93 9
67 47 8
14 25 7
103 59 8
114 131 4
34 51 2
121 18 4
10 28 5
25 130 6
18 38 2
118 59 2
94 83 5
50 110 5
77 57 6
129 47 9
93 73 1
34 8 8
131 97 9
16 9 7
129 86 6
116 81 5
53 38 9
4 120 3
125 83 9
42 89 9
71 80 7
92 112 8
121 38 2
122 133 7
4 17 2
13 65 5
101 110 2
120 77 7
56 83 3
32 115 5
135 97 8
26 62 3
86 110 6
123 44 8
25 28 3
5 19 1
11 127 7
125 30 8
105 64 6
7 56 9
45 53 2
0 34 9
89 135 6
22 98 5
72 15 3
53 85 1
104 79 3
42 115 2
4 115 7
79 75 5
52 2 3
108 90 6
89 86 8
78 38 2
59 32 8
72 135 5
1 47 1
76 18 1
30 95 8
92 86 5
91 62 2
3 37 3
21 115 1
97 23 7
17 31 1
15 112 3
56 9 7
74 21 1
28 74 7
44 3 7
130 97 9
39 59 9
105 114 6
42 107 6
104 54 3
81 52 9
123 2 5
75 74 1
94 17 8
7 50 2
56 86 7
48 70 4
49 5 7
42 51 7
49 130 4
107 123 2
43 104 6
19 43 4
99 14 5
111 110 7
87 121 7
23 87 3
28 65 3
109 11 9
38 9 7
110 96 4
29 66 3
41 40 4
24 14 7
25 73 7
18 74 2
81 131 7
6 84 1
120 113 7
39 98 2
106 4 9
14 43 3
35 1 7
132 12 4
54 62 1
7 82 4
15 2 5
125 99 2
61 132 1
104 135 5
71 29 7
18 49 6
18 27 9
18 32 1
58 123 6
18 132 8
41 68 1
52 90 8
134 129 9
35 82 9
92 119 8
129 4 8
125 25 8
94 47 2
124 16 7
89 1 6
117 87 2
24 94 6
117 55 6
39 79 7
61 55 4
136 27 8
136 131 8
132 5 9
65 119 5
87 79 5
81 62 9
86 4 1
135 118 6
80 96 6
65 125 3
24 100 4
78 71 6
65 60 1
29 52 9
129 118 9
95 40 1
78 134 4
15 41 3
2 109 3
106 127 3
95 70 8
81 129 8
37 93 4
16 34 3
14 40 1
106 83 2
96 2 7
90 20 5
100 110 5
91 104 3
27 53 6
72 114 3
44 72 3
84 10 4
17 62 4
122 72 9
87 96 5
92 108 5
40 90 2
51 25 8
117 136 2
5 97 8
61 20 8
88 125 1
134 45 3
75 71 4
92 33 5
130 5 7
58 0 4
99 12 1
46 76 9
64 118 1
16 69 7
39 28 2
130 31 8
87 2 5
127 97 1
26 111 3
3 115 3
25 0 9
69 39 5
96 36 4
130 105 8
101 90 8
46 48 2
81 94 1
35 51 6
13 41 8
113 98 4
121 32 9
43 97 2
3 114 3
25 11 6
20 79 4
57 121 6
107 35 9
12 117 5
103 35 3
47 84 6
80 39 2
59 69 3
86 16 6
73 3 5
0 120 2
12 30 3
87 120 1
35 121 8
78 79 5
20 109 9
133 27 9
131 7 9
40 48 4
109 12 6
5 3 5
10 93 6
94 79 2
27 37 2
34 98 7
114 9 9
91 73 7
38 117 8
130 16 8
107 13 9
119 134 6
40 89 6
108 53 5
83 23 7
57 107 1
86 7 3
19 49 4
63 13 1
136 23 1
49 16 9
6 92 8
70 47 2
65 106 2
4 128 5
93 27 3
32 96 7
6 2 9
14 84 4
16 117 6
74 9 5
30 69 1
17 123 6
88 110 9
74 82 8
66 135 7
118 68 2
1 69 6
24 112 3
23 72 3
61 42 1
65 18 5
134 123 2
125 68 2
59 96 7
15 79 9
52 68 4
60 80 8
20 97 1
60 109 2
61 128 9
113 93 7
130 53 8
115 89 4
81 120 3
72 7 4
30 136 1
33 12 9
39 96 5
132 33 3
117 19 5
55 94 3
133 5 1
64 69 4
44 18 4
42 95 5
84 74 4
59 89 6
71 22 3
15 26 5
122 126 4
116 97 2
39 113 5
125 98 9
52 46 2
91 67 2
79 27 8
108 32 4
0 42 7
83 47 4
53 128 3
31 135 5
87 43 4
135 132 9
27 98 1
71 106 2
72 125 4
38 19 8
8 87 3
82 12 8
39 128 9
15 120 4
114 26 2
63 4 9
32 20 8
8 29 8
109 3 7
95 57 6
59 46 2
42 72 5
107 60 8
25 117 7
52 10 9
106 124 2
9 102 5
20 103 1
104 102 9
120 84 3
112 51 8
35 22 5
86 66 1
116 5 7
63 56 8
45 91 3
132 94 4
123 5 4
47 34 4
40 19 2
107 56 3
66 69 6
49 123 5
33 95 8
131 50 6
32 93 1
131 85 7
83 34 6
46 22 4
70 33 6
111 16 4
95 14 3
28 113 8
109 68 8
110 3 1
126 54 1
115 61 6
94 7 9
110 90 9
19 118 5
35 72 1
102 93 2
28 79 9
47 5 1
125 90 4
33 64 6
65 43 4
72 83 4
77 12 4
51 136 4
72 100 8
104 25 6
68 78 3
107 120 8
5 6 9
44 57 9
121 11 2
95 122 1
101 74 6
111 70 8
105 127 7
66 3 7
78 22 8
125 129 2
98 61 7
69 118 3
30 8 3
44 6 1
124 86 9
78 93 3
117 21 2
121 34 8
14 96 8
135 79 4
15 81 3
107 15 9
47 59 9
25 129 5
8 14 1
10 127 3
121 80 1
85 51 1
68 108 4
136 24 6
6 111 8
78 75 3
126 76 1
63 16 1
4 10 1
14 70 8
119 54 2
92 20 6
119 132 2
52 134 1
5 57 5
41 94 6
102 2 5
102 136 6
95 99 5
2 33 1
3 100 9
6 16 8
132 52 9
59 50 6
38 21 3
31 68 3
59 42 1
23 32 8
27 2 2
53 10 6
91 60 3
61 28 5
128 30 3
17 27 6
59 65 4
11 16 5
131 86 3
54 135 7
22 21 3
60 100 5
52 126 6
113 82 1
68 114 8
44 116 4
3 0 9
17 44 7
3 43 1
26 23 4
69 130 1
69 31 9
83 24 7
53 67 4
88 28 4
97 44 6
85 14 6
72 57 7
51 65 6
54 56 6
27 85 7
13 55 7
95 8 9
37 119 6
117 0 4
12 14 5
109 73 6
125 11 5
77 56 5
110 69 8
91 61 5
92 75 1
45 21 8
133 3 6
136 20 6
124 117 5
115 27 2
127 89 1
66 99 4
25 41 8
99 39 2
68 32 5
38 40 7
103 131 9
10 105 3
25 133 4
25 64 1
12 105 4
2 122 8
119 18 7
47 119 1
71 53 1
4 88 9
51 97 6
121 130 6
110 113 5
16 43 9
52 56 2
32 7 8
14 6 7
114 103 7
77 18 1
9 98 3
75 49 1
30 46 6
42 41 4
113 97 9
89 118 4
84 1 7
44 20 8
30 122 4
92 78 7
107 113 2
19 96 8
10 68 5
71 97 4
115 71 1
103 66 4
106 17 3
67 63 8
73 35 5
130 11 8
36 25 8
99 23 6
63 116 6
38 103 8
120 49 4
29 80 9
22 115 1
0 89 6
47 68 1
65 48 5
34 71 6
125 118 6
70 87 8
113 109 7
40 76 6
119 83 9
114 32 5
118 87 6
5 72 8
42 2 4
75 129 5
13 35 7
69 125 8
76 132 2
125 47 7
5 115 4
111 68 6
4 54 1
108 41 6
51 94 3
47 20 9
119 84 6
85 47 8
13 42 1
6 54 9
112 134 2
0 85 4
32 128 6
55 89 9
22 48 3
128 69 5
82 136 9
8 52 5
91 41 3
107 27 9
80 7 2
26 53 3
45 72 5
50 108 8
74 23 5
122 15 3
129 50 9
29 97 1
70 89 3
93 6 2
41 51 6
22 130 1
46 4 6
42 5 5
33 40 5
106 8 2
47 101 3
7 130 7
129 112 5
78 7 5
48 56 6
66 120 4
118 81 5
48 109 2
3 98 5
105 27 2
65 63 7
14 30 5
98 129 9
28 77 7
87 129 3
49 69 7
106 12 6
132 80 1
20 123 5
75 87 9
116 19 1
116 88 9
80 61 6
30 18 2
3 104 6
113 16 5
28 21 9
124 98 2
25 15 2
33 5 2
61 39 3
79 19 4
112 66 8
83 18 1
37 32 7
7 123 5
52 73 9
99 50 2
34 132 4
122 47 8
89 106 9
66 88 1
23 108 6
109 132 2
68 20 2
75 100 9
26 79 2
11 128 6
33 30 4
136 5 8
124 56 3
97 90 5
80 53 2
70 9 3
29 56 8
52 123 2
48 10 5
90 136 4
112 71 4
116 11 6
9 89 2
35 112 2
43 125 5
44 54 6
104 46 9
114 59 7
94 33 2
118 53 4
63 60 4
27 43 4
88 34 7
98 4 1
102 128 7
95 12 6
17 72 3
55 57 5
22 110 7
16 94 4
37 124 2
31 118 3
41 14 6
46 105 8
112 53 8
57 34 5
95 77 9
136 114 7
114 76 8
56 34 1
112 86 2
60 128 2
105 77 1
49 101 2
4 44 2
80 87 6
52 0 9
57 2 7
91 114 3
62 98 2
132 31 8
1 41 1
62 29 4
132 130 1
106 91 7
37 20 6
87 39 2
67 77 3
37 5 2
97 91 2
30 29 2
65 32 8
125 102 2
78 25 6
34 91 7
109 9 6
21 120 9
89 20 4
68 49 3
128 131 3
36 109 9
126 17 5
27 131 5
82 131 6
22 65 4
104 98 6
128 88 5
23 105 2
121 111 4
21 130 3
41 36 8
60 46 6
130 98 3
101 125 2
35 130 1
53 59 5
46 66 2
27 109 7
39 82 5
125 23 6
14 1 9
32 67 6
91 81 8
6 116 8
57 125 3
92 81 3
41 83 7
91 66 7
90 133 8
73 118 4
20 24 7
38 107 8
107 43 5
98 10 2
47 130 8
50 122 8
41 17 4
44 134 8
7 18 4
46 70 9
24 118 6
97 103 3
111 96 3
97 87 9
130 86 5
14 16 3
133 17 7
22 114 1
96 61 7
90 105 7
129 108 7
2 116 8
34 87 5
15 64 6
70 135 5
94 52 7
75 132 8
26 120 4
44 113 3
127 77 2
51 129 4
113 5 9
87 115 4
86 15 5
113 74 8
82 42 4
47 58 2
70 41 9
49 119 1
9 54 5
8 19 1
132 86 7
11 95 9
97 7 9
41 119 8
120 58 9
8 130 8
26 81 7
68 136 7
64 12 3
0 72 3
51 4 7
5 25 4
24 125 4
46 50 8
47 53 8
118 17 3
12 130 2
26 84 1
96 99 6
63 69 4
4 81 8
28 20 2
86 53 8
90 100 2
91 101 8
112 3 5
27 41 3
113 0 8
82 133 1
24 27 9
63 30 9
20 81 6
109 83 2
73 49 2
51 78 8
132 121 5
95 61 1
53 35 5
77 41 6
130 82 4
79 69 6
38 123 4
40 134 2
55 128 7
53 40 3
133 13 2
77 15 9
114 127 8
118 120 4
81 54 5
107 34 6
70 88 7
0 84 4
111 29 3
100 121 6
19 48 3
80 37 8
80 115 3
77 17 1
61 67 3
114 126 9
11 134 6
57 113 7
10 133 6
53 76 6
38 55 8
30 38 2
50 85 8
104 103 5
68 12 2
13 71 4
69 35 2
74 29 5
84 134 9
105 58 5
25 79 5
130 103 9
51 128 2
99 121 2
61 49 7
111 67 2
132 69 2
28 4 7
88 16 8
124 33 8
105 47 5
83 97 1
131 35 5
1 120 6
81 133 8
69 71 4
91 64 2
69 76 2
46 19 3
70 134 5
113 41 3
6 127 4
102 70 6
103 68 2
7 73 5
96 82 1
65 131 5
92 45 4
122 76 9
81 43 9
10 44 9
109 4 4
18 114 4
104 11 2
69 54 5
10 61 5
7 42 8
5 121 5
131 92 7
7 125 8
92 12 1
129 40 6
62 133 2
99 105 1
19 128 8
77 39 8
8 80 4
136 31 3
92 7 8
92 9 7
91 94 3
31 108 8
119 123 4
118 10 5
107 55 4
25 85 7
132 1 3
95 59 4
66 64 7
6 115 7
88 22 4
3 76 1
22 47 3
43 92 8
22 109 2
118 117 7
55 95 1
117 108 6
32 98 4
125 45 7
108 111 3
125 55 6
27 94 5
20 127 8
102 79 1
124 102 3
84 49 8
44 37 5
55 130 1
135 107 8
70 74 9
94 102 3
67 123 7
38 95 1
58 20 1
30 70 6
18 135 2
132 16 5
61 125 9
39 36 9
118 52 5
29 11 8
100 134 3
17 32 8
112 73 3
12 22 1
40 66 1
97 108 7
6 27 2
110 119 6
133 85 7
86 2 8
71 101 8
47 37 7
89 31 8
59 122 3
64 3 2
30 126 7
31 67 7
136 60 6
92 114 2
79 10 2
81 103 9
54 109 4
22 124 3
130 123 7
3 101 5
38 131 2
89 112 5
57 41 9
113 27 6
111 72 6
96 8 9
94 67 7
72 106 4
105 134 7
54 78 9
111 55 3
85 8 1
30 119 9
95 24 7
14 22 2
119 59 3
127 9 8
55 47 7
110 39 6
38 34 3
108 84 9
121 79 4
113 22 2
44 34 3
129 111 6
19 36 5
84 58 7
20 51 8
125 71 4
35 102 3
121 117 1
73 21 7
127 110 3
27 117 9
7 124 1
43 48 8
45 124 7
70 8 1
110 62 7
115 118 6
116 74 5
3 4 8
59 4 6
28 114 8
89 107 3
46 130 6
92 134 8
37 1 3
84 8 8
14 80 1
76 136 9
30 84 7
82 89 5
79 9 2
9 45 2
58 48 2
52 12 5
8 86 2
101 98 3
30 127 7
34 4 1
27 88 4
18 6 1
96 73 5
4 60 2
4 38 5
92 35 5
1 136 2
62 36 1
113 114 6
18 11 4
44 129 7
40 131 7
77 122 6
1 108 4
117 1 7
50 95 4
74 5 2
59 68 3
94 1 3
65 33 9
46 98 3
76 73 5
78 109 9
35 44 8
84 18 4
79 48 8
109 71 3
66 22 5
61 109 6
71 95 8
5 14 7
70 86 3
84 127 7
107 76 4
5 109 3
49 47 5
10 122 3
75 45 5
87 19 4
107 104 2
120 59 3
25 26 8
97 9 5
6 33 1
117 41 5
30 115 8
106 21 4
17 113 4
29 22 2
41 127 8
35 106 1
64 48 8
123 54 5
51 113 4
73 122 8
30 68 7
42 127 9
77 94 9
16 0 3
51 21 9
99 32 9
57 69 7
129 3 3
39 10 8
89 45 1
67 80 9
83 51 2
1 95 6
15 20 2
63 27 7
50 27 4
43 23 1
61 120 7
16 100 5
95 72 7
126 34 1
48 100 2
53 48 4
19 134 5
31 79 7
11 126 1
19 85 3
41 121 7
124 32 8
129 42 1
118 37 9
22 101 7
133 76 8
37 102 9
37 38 4
8 74 6
66 105 1
23 36 7
101 83 9
19 81 9
14 15 2
14 27 3
67 55 8
3 85 4
29 67 6
33 72 1
74 77 6
103 32 1
68 72 1
130 81 8
33 104 4
19 39 1
49 6 6
118 13 3
70 69 4
71 113 9
46 43 1
127 80 5
34 35 2
36 86 5
59 107 5
52 108 8
48 60 6
8 128 3
23 22 1
63 75 6
113 58 5
117 130 5
37 24 9
98 69 6
47 72 3
6 42 3
109 26 4
42 112 5
39 60 3
103 108 9
61 33 7
129 85 7
126 67 3
39 85 8
95 22 1
40 43 3
10 102 3
38 52 5
54 73 8
4 11 9
5 103 6
45 121 2
21 7 6
107 30 4
37 105 1
29 131 8
54 127 2
78 43 8
109 130 7
121 51 9
46 75 5
129 78 5
61 122 2
88 97 5
63 36 4
82 68 2
1 92 8
97 119 2
71 57 5
104 115 9
29 38 9
72 22 9
26 122 6
17 30 9
48 108 9
63 100 6
108 86 3
35 64 9
119 68 4
77 123 9
9 63 9
53 44 1
44 79 6
107 124 4
31 64 8
7 133 4
56 93 3
13 77 7
82 125 2
3 125 1
29 61 3
82 18 4
41 92 8
50 89 1
58 50 4
36 70 6
71 136 2
83 65 2
117 131 3
105 89 6
51 108 2
9 119 1
82 13 9
31 131 1
119 135 7
87 63 5
83 86 5
100 0 7
69 124 6
134 34 9
30 81 6
26 66 7
97 34 8
91 126 5
134 136 5
14 49 4
45 2 6
62 23 8
52 85 2
88 68 6
48 119 8
47 6 1
84 121 6
77 66 1
71 2 1
46 12 5
54 100 8
96 132 6
108 9 5
12 97 6
28 0 6
33 25 4
23 24 6
99 113 5
6 31 3
112 120 3
125 50 5
46 1 5
59 136 7
131 111 9
125 131 5
102 21 1
85 99 1
94 84 1
125 2 5
43 105 1
2 60 7
36 136 2
71 45 4
29 1 4
123 33 4
35 96 1
117 102 7
57 31 9
20 119 8
48 25 3
116 52 9
63 48 6
15 6 9
19 17 2
7 58 8
16 59 4
59 60 4
128 20 3
70 26 8
0 91 8
88 51 2
30 4 3
57 3 2
39 50 7
112 37 9
111 1 6
121 70 9
84 66 6
32 135 5
38 14 9
43 26 9
1 121 2
124 112 6
125 78 5
121 86 2
127 56 4
39 73 2
134 23 1
115 119 1
40 64 5
35 49 6
52 77 3
122 103 8
58 104 9
116 57 1
80 76 3
39 93 2
127 81 2
52 67 2
109 31 9
51 36 5
106 52 4
118 62 2
120 111 8
130 30 8
92 63 8
97 85 7
23 5 5
89 98 1
89 128 4
44 83 2
94 109 5
110 20 6
59 48 6
4 90 5
103 63 4
64 58 9
133 106 3
35 33 5
92 18 3
3 24 7
121 101 3
111 8 5
101 12 6
117 122 4
79 33 9
91 27 6
7 45 2
126 5 8
111 87 6
96 91 8
130 88 2
136 96 4
89 130 3
15 94 7
92 111 7
134 91 6
12 0 6
82 115 5
19 136 6
58 17 3
33 84 3
89 29 1
21 110 9
37 96 7
135 63 6
115 23 2
91 118 2
69 50 4
94 38 3
95 3 3
85 63 3
67 87 5
85 4 4
36 112 1
91 12 2
81 18 7
126 118 9
46 71 2
63 96 9
96 69 3
9 106 1
128 77 1
54 96 6
1 72 7
134 9 9
1 65 2
16 48 3
109 123 7
12 7 2
31 116 1
87 74 8
10 100 3
18 12 8
39 2 7
96 13 5
104 105 5
41 39 5
96 95 1
90 59 3
15 34 1
92 99 2
132 2 5
70 132 9
46 74 1
72 36 2
129 104 8
69 42 5
16 87 9
63 12 2
25 7 6
55 41 1
53 99 5
78 8 1
3 70 3
0 64 9
95 76 5
58 41 7
79 86 4
134 27 6
22 49 8
62 47 5
109 126 8
9 4 3
13 91 9
32 123 3
64 30 2
8 72 7
50 109 5
101 0 6
52 89 9
83 43 1
119 136 7
14 56 7
132 131 5
38 76 6
64 74 8
64 134 8
129 1 1
69 91 1
46 34 9
11 73 5
107 39 2
106 97 1
107 94 4
88 135 4
101 123 5
45 25 5
35 136 1
15 102 7
107 50 9
110 132 1
87 30 6
79 56 3
56 67 4
70 19 7
127 70 5
112 100 7
43 36 7
27 125 4
102 131 4
133 93 5
19 35 1
73 60 4
114 37 6
131 48 3
51 16 8
112 69 3
89 122 9
57 9 1
47 28 1
25 62 6
13 117 7
129 35 5
133 12 8
62 22 9
90 65 5
1 115 8
99 47 2
42 35 2
76 120 9
77 71 9
75 117 5
7 75 5
95 91 4
97 13 9
64 79 8
87 57 6
19 22 1
46 118 4
20 78 9
99 120 7
4 117 2
136 100 3
77 135 7
59 22 9
48 50 5
102 50 4
136 97 3
24 2 7
14 112 7
42 121 8
4 136 4
9 28 8
90 95 4
76 75 8
86 31 7
72 51 4
87 13 5
58 66 3
101 134 4
87 135 2
55 12 5
90 80 9
95 23 8
44 75 1
94 43 4
104 31 6
7 6 2
45 79 9
48 51 7
7 81 6
3 12 1
66 32 4
38 12 1
32 81 9
4 55 3
124 65 2
49 43 2
66 75 5
13 72 2
62 101 8
67 41 3
132 36 4
37 87 1
101 25 5
33 87 5
40 77 4
120 115 1
23 128 6
9 26 9
135 5 3
52 23 6
81 40 2
50 28 2
134 94 9
5 44 7
24 127 2
12 2 8
57 132 9
15 125 8
42 20 2
78 100 1
10 124 4
135 46 8
9 75 8
83 124 3
31 78 1
67 129 7
92 71 4
93 5 1
85 91 2
10 107 2
44 136 8
103 91 2
46 25 3
105 26 1
96 55 4
29 81 1
69 85 6
55 44 8
38 129 1
18 131 7
18 41 5
112 47 5
100 132 4
55 24 9
81 106 8
98 74 2
73 50 9
36 17 2
111 114 7
80 117 1
22 125 1
48 80 8
1 32 3
84 87 5
7 95 9
103 41 5
64 21 5
70 23 1
119 93 6
57 117 6
78 36 4
83 71 4
70 113 5
59 30 6
47 93 1
4 77 7
62 69 5
129 90 6
0 62 1
26 94 7
41 32 7
59 43 4
133 109 5
64 100 4
81 41 6
65 73 7
77 45 4
5 8 5
82 81 4
101 5 2
105 94 1
76 70 4
115 122 1
13 93 7
19 34 6
62 66 5
89 74 6
84 16 4
130 27 8
33 120 9
32 46 8
94 34 1
85 107 3
38 86 7
107 79 3
75 22 4
53 51 7
18 2 8
40 92 9
125 76 7
117 127 5
19 51 5
57 114 2
58 59 7
43 54 2
71 84 8
129 106 2
79 57 7
6 62 3
66 30 4
36 50 7
71 72 3
56 8 9
1 17 7
98 57 8
106 24 6
133 128 9
119 91 3
98 14 9
112 10 1
2 16 2
55 68 6
14 10 3
105 61 8
62 92 2
109 85 5
81 122 5
103 50 6
60 77 9
34 133 1
16 25 5
57 16 7
29 107 4
28 111 8
115 19 6
23 8 3
128 78 5
33 80 2
3 45 9
66 107 4
128 2 7
119 72 9
52 22 2
86 135 8
2 41 2
40 128 5
91 3 6
125 127 1
134 46 4
107 36 7
19 28 8
125 13 6
75 61 3
25 20 8
79 58 1
133 123 7
117 51 2
112 49 8
126 110 4
7 66 8
11 38 8
106 69 3
126 111 8
66 72 5
79 106 4
94 10 5
39 54 2
70 103 3
75 120 4
114 7 1
60 18 7
97 125 8
0 55 3
20 95 5
4 121 6
20 62 6
42 94 3
23 113 5
133 36 3
4 118 1
92 2 8
73 28 2
111 42 3
86 37 5
64 133 6
52 15 2
11 99 6
13 0 8
81 112 1
47 73 9
18 80 8
88 8 5
75 15 7
3 71 9
88 41 8
27 20 1
22 120 1
48 77 7
9 122 8
107 12 9
25 66 6
110 81 1
115 131 7
32 88 4
28 94 6
32 36 8
73 85 2
19 130 1
115 14 6
117 76 8
52 60 4
49 117 1
29 95 5
3 136 6
117 8 5
12 6 6
130 17 3
84 17 2
109 104 9
82 21 4
67 1 4
15 95 8
103 42 6
13 64 5
104 112 2
114 120 1
80 9 5
29 46 9
71 74 6
33 135 4
28 123 7
26 57 6
103 19 4
130 0 8
81 79 3
51 9 8
68 79 2
66 10 8
38 83 2
35 8 5
54 93 8
33 110 6
35 37 3
21 109 2
3 47 8
83 102 1
9 68 9
15 80 8
12 59 6
71 40 5
108 119 7
76 10 1
42 56 2
61 52 8
67 81 2
10 64 4
32 80 9
12 73 7
127 132 6
72 65 4
18 129 5
56 22 8
46 10 5
27 10 2
33 48 7
19 110 1
7 132 3
92 25 6
50 74 5
52 39 3
73 106 4
12 37 3
102 122 1
6 46 3
30 42 6
111 104 9
21 118 8
46 35 1
106 58 8
126 37 5
2 131 2
49 90 4
34 45 8
28 8 1
134 108 6
43 111 1
128 120 4
48 61 2
109 63 4
91 38 1
87 107 3
33 51 5
1 85 6
18 108 2
64 111 3
37 107 2
90 74 6
35 3 6
108 47 1
94 46 1
4 103 4
48 104 7
55 62 1
118 128 7
81 46 5
60 120 7
24 36 7
14 121 5
101 87 4
99 76 1
123 1 3
37 10 8
42 81 6
61 118 1
44 132 6
46 102 5
43 80 6
8 100 5
94 30 7
28 81 7
15 83 9
114 48 3
5 106 2
104 127 5
32 4 3
21 10 5
95 43 9
92 110 3
67 57 2
59 29 8
64 129 2
0 96 1
40 133 9
38 122 1
77 20 5
79 72 1
51 105 1
82 22 9
108 40 1
29 119 1
46 99 5
40 25 3
49 46 7
105 17 1
11 65 8
71 87 8
112 38 6
73 70 7
32 48 8
59 83 1
69 95 1
59 128 4
88 129 9
128 14 2
40 32 2
49 128 2
78 26 1
30 27 1
30 2 2
26 76 4
10 59 2
60 97 1
45 105 4
89 30 8
46 61 3
26 58 3
104 20 7
26 115 1
124 87 1
88 93 7
63 53 5
96 108 9
74 94 4
112 108 9
124 84 3
100 38 8
71 119 1
121 74 7
122 35 6
23 111 8
9 65 6
3 59 7
26 136 1
21 90 5
19 119 5
31 43 8
116 49 8
16 116 1
51 17 2
5 2 7
11 63 8
133 68 1
133 77 4
102 18 3
64 117 7
0 20 2
106 112 9
117 50 3
12 23 1
4 13 1
132 73 6
27 60 1
30 124 5
41 33 8
52 7 7
19 109 7
80 109 8
51 40 4
134 82 6
94 103 9
82 31 1
24 122 5
129 20 7
104 95 3
113 7 7
35 114 7
36 128 9
74 44 5
91 40 3
46 121 4
22 58 2
62 21 8
121 55 4
13 102 8
61 32 3
39 40 7
79 85 6
111 97 1
50 47 9
131 100 4
129 73 6
91 14 8
120 69 3
102 22 2
76 35 5
57 100 4
42 40 2
45 123 2
25 94 5
76 0 9
59 130 3
68 35 7
65 27 6
20 126 9
4 82 7
109 99 5
125 18 1
24 66 1
72 91 9
48 57 3
87 9 3
72 4 9
34 12 9
54 107 3
19 64 3
101 82 1
113 8 3
61 38 8
9 93 4
114 24 6
116 13 4
87 28 2
112 125 6
52 124 7
73 13 8
44 119 2
53 81 2
71 9 9
63 2 3
10 31 1
81 136 2
110 71 8
44 70 8
31 19 2
108 94 3
19 91 9
107 118 8
76 112 7
99 111 8
88 72 4
38 10 9
92 5 4
29 109 6
43 58 3
44 99 1
68 121 2
136 123 7
135 11 1
32 129 4
68 58 6
69 67 4
3 40 7
84 85 3
34 86 3
24 82 3
28 134 3
64 94 6
54 80 3
32 83 3
116 58 5
47 11 4
122 120 9
101 44 4
121 107 7
8 64 1
84 109 1
44 43 6
114 27 8
27 40 6
64 114 4
125 9 4
51 93 7
81 39 6
68 19 3
71 25 7
5 30 1
104 130 3
36 54 8
67 40 4
70 32 7
57 129 9
76 110 7
127 32 2
71 47 9
111 37 8
132 82 1
9 13 4
8 22 6
50 16 7
77 79 7
28 12 5
29 83 1
4 36 1
76 15 3
124 81 7
110 128 7
11 78 7
39 68 9
32 5 9
82 114 5
34 85 3
43 50 6
110 53 6
46 56 6
21 59 9
60 36 5
32 117 6
19 13 7
76 66 5
47 124 1
38 65 2
53 102 3
23 117 6
72 37 5
93 120 1
96 85 3
80 93 9
41 48 1
88 58 9
92 64 5
121 44 7
34 129 5
28 62 8
82 117 2
5 68 1
67 10 6
9 110 7
94 45 5
4 123 4
127 48 7
6 89 7
87 136 9
80 68 9
79 134 2
128 122 2
24 108 4
33 89 4
52 119 8
40 18 4
86 20 8
6 43 3
100 135 8
77 91 9
108 39 5
79 5 9
117 2 8
78 87 7
6 122 5
133 1 7
2 31 4
2 103 6
110 14 9
30 114 3
99 103 1
44 117 6
40 72 8
123 111 6
6 10 6
126 33 1
43 28 3
29 96 7
22 11 1
43 64 4
10 1 8
15 92 9
31 94 7
9 101 8
77 99 4
34 135 6
15 23 7
30 75 6
7 135 2
8 94 2
33 9 2
125 119 2
86 114 3
84 122 5
134 121 7
91 2 6
86 95 1
35 77 8
3 97 4
8 32 1
34 65 6
73 133 9
37 66 9
132 54 3
47 26 7
124 71 6
130 54 4
89 38 6
55 116 4
9 131 7
80 52 2
70 0 5
21 124 5
6 58 6
113 130 8
58 94 7
92 42 1
106 67 3
79 62 1
49 121 8
79 80 6
124 4 7
118 112 6
114 60 1
50 121 3
60 78 8
31 106 7
83 57 9
112 4 9
97 82 8
102 11 4
63 19 9
12 61 8
1 39 2
132 92 1
33 100 9
73 23 7
33 14 1
57 52 8
122 64 4
48 8 7
36 7 9
63 64 6
112 122 9
23 85 6
56 90 9
29 15 4
7 62 1
98 58 5
19 21 2
36 123 2
9 18 8
9 112 9
115 88 4
113 12 8
63 120 7
68 102 7
129 74 7
124 14 8
23 112 9
25 31 2
60 33 5
119 118 9
29 37 6
48 107 7
21 61 9
11 1 6
115 25 8
116 25 1
120 34 8
97 52 1
81 13 9
84 44 6
35 101 7
57 38 6
70 109 8
73 14 9
60 37 1
88 101 4
105 63 3
65 96 8
106 93 3
122 3 9
84 89 9
102 65 9
30 24 2
88 73 6
98 7 5
76 98 4
5 13 2
53 46 8
59 131 1
96 10 8
99 91 9
60 95 6
96 58 1
33 46 7
133 59 8
7 51 6
68 130 3
77 46 7
47 135 9
135 57 4
30 26 8
53 97 5
45 126 2
57 1 1
44 71 4
79 76 8
81 0 9
81 68 7
63 28 7
122 56 1
116 108 1
99 123 4
61 92 2
29 24 2
79 47 2
125 95 7
13 84 8
18 120 2
67 97 6
28 15 3
84 61 4
97 118 1
18 28 3
3 72 7
68 66 8
15 42 7
80 116 6
5 84 5
72 43 9
1 42 6
106 62 8
100 31 6
86 52 8
51 50 6
35 12 5
74 54 4
110 35 6
19 126 2
98 75 7
129 43 2
21 57 5
122 105 3
48 111 5
38 80 3
21 125 2
29 23 9
72 49 2
31 5 4
58 30 9
78 49 5
73 33 9
34 2 2
0 8 6
134 15 7
132 68 5
45 78 1
84 78 6
104 44 4
108 42 4
78 135 5
22 108 5
118 79 6
111 130 6
135 0 1
22 31 5
56 51 9
0 123 7
75 43 3
59 127 8
11 100 3
36 131 5
6 53 8
0 6 1
119 89 9
117 125 9
104 124 7
61 87 9
57 105 8
85 135 3
72 98 5
25 77 9
31 88 7
72 73 5
40 97 6
22 106 3
136 61 2
40 65 4
74 119 5
26 126 1
112 1 9
61 130 6
85 108 9
15 21 4
53 19 4
118 100 5
132 23 9
54 82 9
117 94 3
88 11 8
58 29 9
117 129 3
34 130 7
31 101 6
1 12 3
39 38 3
79 127 1
65 2 4
47 25 6
63 127 3
81 9 6
125 10 4
102 59 4
41 95 1
104 1 8
122 111 9
12 125 4
32 9 9
88 62 8
11 27 9
37 62 7
136 93 2
109 93 5
124 64 3
41 98 7
8 136 6
135 52 4
52 65 9
131 32 4
121 105 7
47 65 6
5 73 4
131 98 1
99 107 2
19 94 5
31 120 5
55 108 4
78 85 7
2 75 4
87 73 3
17 86 3
100 87 6
26 104 8
127 60 6
126 50 6
36 79 3
124 103 4
113 45 1
83 91 5
50 90 7
111 98 7
17 6 3
95 17 1
19 65 6
48 76 1
34 32 1
93 117 6
53 106 6
36 81 5
41 30 2
19 6 8
126 58 2
1 79 8
86 48 5
88 91 1
30 79 9
133 95 6
106 101 1
113 103 5
12 89 4
33 53 5
3 63 9
60 125 1
58 19 6
120 62 4
59 45 6
113 69 6
48 134 2
60 71 4
84 128 4
47 95 3
26 106 5
9 77 2
56 78 8
100 94 9
92 76 7
125 31 3
40 112 8
66 5 9
36 9 1
128 119 3
98 102 2
45 127 8
107 5 9
130 41 1
111 7 4
129 14 1
16 106 1
50 71 6
29 103 8
4 67 1
81 83 6
123 117 8
8 108 7
106 99 9
99 0 6
121 66 1
68 28 3
41 129 3
46 131 7
96 76 5
81 109 5
13 7 1
120 37 9
12 69 8
97 10 5
116 24 7
98 12 3
35 65 4
99 86 4
110 29 5
83 67 6
6 100 5
50 53 1
41 120 3
69 136 5
59 82 5
115 39 7
4 52 2
105 36 6
21 76 9
6 85 6
88 77 6
62 48 7
117 96 9
26 96 6
42 90 3
31 14 6
25 3 6
116 32 4
97 129 1
110 103 4
122 58 1
122 121 5
8 124 3
33 59 5
9 73 3
58 103 4
62 68 7
63 108 7
13 6 6
84 110 7
122 131 3
66 133 2
127 57 1
122 11 1
54 55 9
60 67 9
127 55 5
45 48 1
41 109 8
77 21 6
81 99 7
72 120 7
10 123 4
11 72 1
87 94 8
127 109 5
124 34 1
64 120 7
82 99 9
120 12 4
112 75 8
35 95 8
131 105 3
88 5 9
64 20 1
5 77 8
36 114 2
88 75 6
50 111 4
23 59 1
52 101 4
57 7 7
89 99 3
119 73 4
51 43 7
75 8 5
62 86 5
110 117 8
59 87 7
120 7 2
33 52 2
55 104 5
106 85 9
46 126 4
108 46 9
115 53 8
61 1 7
54 16 2
78 130 6
90 84 8
63 35 1
89 19 1
35 91 6
47 19 8
38 105 3
60 72 3
36 26 1
113 29 9
0 119 2
123 85 3
99 63 1
7 41 3
4 57 1
127 49 1
11 111 5
71 19 8
52 32 7
132 71 9
70 34 1
58 34 6
60 13 2
20 21 9
1 20 5
82 75 8
18 34 2
29 117 1
39 126 4
11 51 6
13 66 2
69 14 7
126 129 3
15 69 5
104 132 5
88 107 9
35 5 3
136 39 5
91 111 1
7 14 7
130 52 1
97 50 4
82 83 8
115 15 9
58 35 1
102 119 3
104 34 8
12 84 6
10 119 7
85 26 3
80 74 3
39 127 6
11 117 9
20 122 3
75 0 3
104 13 4
20 2 1
94 40 3
63 107 8
47 39 4
15 114 8
109 55 7
103 79 3
61 9 7
63 8 3
96 90 6
91 20 6
32 56 2
53 0 7
118 40 7
51 0 3
4 102 7
62 124 8
80 66 1
120 32 8
76 34 2
96 93 6
4 61 7
114 85 3
31 97 1
92 85 8
124 116 5
8 20 8
28 103 4
48 130 7
60 85 4
40 59 8
28 133 5
77 27 4
14 123 3
39 129 4
87 26 3
1 74 4
64 96 5
110 136 1
120 80 9
2 62 7
37 45 4
12 36 7
55 101 7
108 38 2
133 35 1
51 75 1
62 59 6
22 24 5
45 73 3
21 81 4
44 96 3
15 113 1
69 10 6
102 17 7
99 130 5
31 50 7
63 52 2
13 36 5
38 60 5
83 136 4
61 103 7
34 78 8
37 51 3
20 102 4
10 129 6
68 4 7
109 16 1
8 53 4
128 116 9
26 37 4
56 55 7
13 21 3
110 23 1
15 111 3
114 83 4
28 120 8
49 39 3
108 2 5
119 31 4
21 75 2
74 111 2
12 62 2
54 61 4
19 100 3
93 112 7
17 28 7
81 72 3
20 71 6
95 68 4
94 118 9
113 32 7
66 113 7
14 18 8
37 81 9
14 102 6
29 63 2
3 20 3
0 133 8
49 3 5
85 83 7
46 112 7
54 83 6
63 51 9
80 128 4
66 136 9
136 120 9
70 91 6
62 71 5
18 117 4
33 119 8
65 62 2
96 119 3
126 66 1
66 65 2
39 67 5
42 47 4
2 1 5
96 92 3
133 83 5
84 36 1
55 37 5
28 38 1
92 26 1
3 52 2
2 37 7
112 94 1
129 24 4
110 57 9
52 88 1
46 47 1
122 23 8
114 31 5
129 92 1
29 90 6
8 131 8
82 135 1
87 128 4
20 124 3
81 87 4
97 96 3
22 10 9
51 118 4
116 131 2
102 73 8
13 8 8
35 48 2
124 113 8
3 116 5
46 26 6
21 135 5
67 34 3
88 20 4
9 72 7
59 41 8
17 107 6
40 45 1
1 6 1
53 129 2
97 101 1
74 48 5
98 97 3
2 101 1
38 46 2
45 136 3
34 54 5
51 96 1
65 121 2
50 49 6
52 62 2
31 122 7
128 52 7
14 82 7
71 27 6
99 48 8
134 126 9
136 101 6
87 6 9
13 112 4
135 22 2
10 120 5
121 90 5
1 81 6
3 8 5
64 34 8
61 17 1
115 49 3
61 43 5
28 90 4
98 59 9
126 41 1
44 128 4
131 104 9
76 22 6
127 47 8
87 114 1
11 84 7
33 91 9
53 57 8
89 57 4
99 8 5
135 114 9
82 62 5
103 125 8
61 89 2
52 16 6
18 79 2
67 21 8
116 51 4
43 126 7
18 91 9
95 73 3
129 70 2
133 22 9
128 41 5
107 86 8
50 61 8
17 71 2
9 52 7
46 0 9
49 15 2
13 120 1
128 115 1
16 70 2
40 35 2
85 80 1
75 122 5
109 56 5
5 20 2
66 71 6
70 99 3
42 77 3
105 18 5
109 23 2
6 20 5
107 65 5
59 18 8
56 80 4
7 74 5
4 20 6
60 81 2
119 69 1
49 94 7
67 98 4
56 19 2
109 10 5
13 51 4
87 14 6
59 93 2
45 68 7
23 75 7
46 100 2
60 118 7
63 25 1
29 68 8
66 104 6
11 8 4
120 117 8
70 7 7
56 101 4
30 13 4
116 47 3
8 2 7
93 135 9
96 12 3
28 135 1
120 5 8
11 17 7
35 23 9
85 132 4
65 29 5
106 57 7
129 8 8
11 14 9
45 19 7
106 19 1
17 68 5
130 87 4
85 44 5
27 19 8
108 93 7
60 116 7
37 56 5
47 106 7
123 106 9
15 40 5
18 71 3
135 53 2
45 28 3
6 131 4
67 35 7
85 46 2
94 85 4
85 88 9
65 134 6
31 99 5
11 91 3
38 15 1
124 59 8
106 126 5
135 116 2
2 77 7
71 93 2
133 45 9
94 21 9
91 129 3
83 75 9
4 66 4
42 98 1
22 42 5
99 131 7
38 66 6
88 55 7
104 93 1
89 100 3
26 110 3
55 86 1
24 9 9
24 18 8
87 45 1
48 3 4
21 66 4
80 86 5
50 52 4
1 49 5
25 105 9
79 13 7
93 91 1
36 118 9
27 58 9
32 29 2
53 30 7
61 15 4
66 81 5
115 108 3
93 35 3
126 40 9
134 103 5
11 110 9
99 26 4
69 11 2
30 50 4
42 101 5
54 21 3
76 13 7
82 0 7
71 126 2
46 117 3
80 136 5
1 15 8
126 84 4
21 60 7
112 133 9
114 38 6
67 38 9
58 117 3
79 70 2
18 50 7
46 83 5
97 68 9
115 103 4
119 3 8
27 12 3
87 66 4
94 93 5
103 121 9
63 121 7
39 88 8
49 104 8
42 57 7
100 5 5
56 59 4
27 48 1
106 50 6
35 88 2
130 43 6
136 37 4
40 13 3
112 96 6
54 58 3
4 78 4
132 115 3
45 54 4
36 27 8
29 114 3
120 56 4
47 114 4
93 11 7
97 123 1
76 123 3
43 115 8
132 113 6
97 84 7
35 111 6
6 8 2
117 71 7
65 56 6
101 80 8
120 14 5
98 95 8
55 70 5
65 136 5
62 30 6
44 115 1
115 121 6
120 24 3
10 108 9
36 129 5
18 95 8
102 25 6
44 14 5
53 77 2
32 104 7
12 104 6
94 135 3
109 39 9
37 115 9
122 32 2
95 51 7
71 121 3
31 110 6
23 101 7
129 63 2
75 27 8
23 129 6
9 99 5
17 13 4
44 56 6
135 40 9
51 125 7
97 56 8
101 65 9
66 127 4
110 8 1
5 134 2
67 48 9
82 87 1
2 85 8
76 105 2
84 98 8
57 60 4
29 93 9
117 84 2
69 9 5
42 132 9
40 49 7
109 69 8
131 60 2
95 19 8
89 24 9
115 34 6
123 39 2
130 115 6
27 124 1
133 130 5
56 115 1
61 133 3
62 74 3
18 99 1
133 126 8
91 42 1
24 134 2
24 43 3
126 136 5
56 12 5
78 39 7
45 33 2
28 56 3
88 63 2
115 97 4
74 65 4
15 78 7
15 129 6
85 38 5
128 96 9
24 56 3
34 93 6
7 87 9
99 13 6
55 81 6
127 71 7
135 121 1
22 54 9
20 106 4
42 128 7
50 75 9
25 67 7
127 116 8
59 88 1
135 15 7
118 71 8
36 2 9
38 128 6
91 98 1
21 136 2
67 133 4
61 112 1
87 95 4
58 114 8
33 63 6
101 63 9
89 90 4
61 101 1
76 28 9
98 116 8
90 81 4
42 31 9
74 27 2
55 85 1
41 16 8
87 47 3
91 123 4
134 51 9
132 51 2
129 5 9
60 22 9
34 73 1
51 29 7
102 52 7
93 25 4
17 59 6
6 98 9
121 133 3
26 52 2
45 22 6
86 9 4
126 80 8
4 76 9
73 37 7
102 6 9
24 80 5
23 41 4
127 1 6
100 7 3
33 1 8
117 112 8
104 113 1
59 121 3
102 39 1
101 21 1
52 136 7
38 99 9
84 60 8
108 12 3
103 133 3
7 48 8
101 60 7
61 83 6
90 106 3
88 64 2
112 131 4
120 101 5
106 76 5
10 115 6
116 96 7
73 83 1
42 80 1
109 25 9
36 116 3
94 82 9
58 38 6
67 78 7
99 79 8
29 99 1
28 24 7
39 130 2
6 25 9
56 43 6
113 77 8
9 41 9
108 21 6
69 73 5
86 82 6
83 8 9
44 124 7
11 90 2
57 97 1
65 70 3
125 100 8
122 33 7
92 136 8
105 9 4
131 84 5
91 86 8
114 104 5
1 66 7
61 121 5
39 16 8
44 126 4
95 136 8
26 132 1
110 4 8
72 96 8
94 35 6
122 65 6
120 47 5
34 25 7
105 44 1
51 22 5
127 33 4
68 51 7
75 65 8
60 40 2
104 28 3
37 22 3
19 98 2
26 116 8
134 96 6
85 37 5
80 123 5
41 47 2
50 23 5
70 100 2
14 132 2
25 100 1
59 15 2
6 48 3
13 136 9
9 118 6
15 87 9
134 73 9
75 124 3
81 78 9
96 16 1
78 70 9
121 95 6
107 106 8
86 116 3
5 41 3
106 75 1
2 69 3
119 55 5
55 22 9
81 73 6
75 4 5
10 54 5
17 117 6
117 114 6
72 6 2
64 39 2
114 19 5
56 110 4
107 92 6
29 34 9
15 3 5
6 130 1
119 117 1
52 45 1
24 63 9
131 124 5
135 83 7
65 76 2
58 115 8
4 56 8
56 112 2
80 131 8
112 105 8
84 64 5
13 54 6
125 93 4
85 112 6
128 130 4
89 80 1
85 90 5
27 51 7
124 0 6
58 78 2
97 0 3
113 67 1
50 19 8
22 121 5
35 75 2
59 2 3
73 64 1
37 16 5
113 112 5
72 102 6
59 75 8
81 107 4
93 12 2
16 56 7
105 74 2
33 115 1
42 34 8
125 108 2
1 98 4
37 91 1
62 67 7
70 116 6
112 55 8
41 102 8
133 9 5
70 29 4
36 87 2
4 116 9
77 49 2
44 52 3
127 16 2
116 8 1
49 53 1
41 90 5
22 64 1
58 135 7
98 15 4
122 129 2
83 21 8
10 71 4
130 73 5
122 42 6
35 57 7
83 52 9
41 34 5
84 68 8
16 135 7
124 49 9
43 89 4
39 94 3
14 136 7
53 96 6
32 12 7
68 110 6
125 136 4
116 114 3
22 99 3
110 7 4
127 65 9
61 70 5
114 25 6
133 4 2
24 35 3
67 135 8
45 50 7
124 3 5
83 40 5
125 79 4
79 110 5
125 58 5
76 36 7
65 10 2
16 97 8
50 76 8
8 125 1
6 59 9
122 113 7
27 52 5
63 77 1
96 94 9
71 105 4
55 43 9
6 63 5
100 123 1
128 18 5
60 119 9
5 76 9
131 22 4
53 125 8
26 59 2
28 119 1
116 119 2
78 48 2
46 122 1
9 48 7
91 122 5
69 60 8
50 123 3
8 39 7
57 103 2
121 127 2
15 0 8
8 107 2
113 68 6
20 112 2
11 101 4
38 36 7
0 50 9
27 90 1
70 126 8
70 21 4
40 109 2
6 57 9
116 40 2
119 98 6
28 82 2
27 16 7
35 97 7
46 13 4
116 59 1
41 6 9
13 106 3
17 50 1
53 120 5
78 44 5
84 105 8
50 21 3
134 53 8
113 49 8
112 7 2
38 54 1
1 25 2
19 2 1
40 61 3
50 11 9
15 13 2
58 121 1
71 122 3
106 121 5
71 36 3
104 9 3
128 71 3
30 135 3
75 3 1
76 60 1
11 119 9
34 17 2
24 128 5
79 126 1
50 26 9
25 90 4
66 97 6
105 62 4
126 10 3
8 44 7
65 89 8
56 60 7
95 100 4
79 46 1
128 3 3
74 130 6
34 23 9
71 96 2
62 132 9
39 14 6
101 84 5
37 122 8
136 57 7
113 106 6
105 32 7
35 6 4
102 127 8
91 115 7
95 5 2
113 85 2
73 92 7
113 105 8
14 57 3
87 38 8
101 81 1
29 10 7
134 75 6
62 50 4
2 56 9
117 116 3
134 97 7
123 15 3
115 74 2
2 105 8
86 45 6
104 16 1
85 42 8
109 103 2
35 9 5
87 76 7
0 116 8
120 125 6
52 133 8
1 122 7
50 12 1
17 47 9
15 57 5
8 40 5
118 12 6
122 54 5
26 121 6
39 13 9
26 1 2
58 37 6
69 135 5
126 56 6
56 81 4
24 31 5
70 82 3
110 61 9
37 50 1
97 128 1
34 30 2
108 11 5
130 83 4
13 22 3
93 38 9
49 76 8
89 7 5
31 66 6
76 64 6
11 107 1
18 85 2
66 125 4
90 118 9
94 86 6
42 126 4
84 63 4
43 37 4
82 46 7
124 79 5
46 3 1
105 21 1
28 127 6
67 136 5
48 135 3
96 42 5
17 8 6
90 87 3
40 63 4
0 71 7
33 18 1
102 55 1
61 107 4
115 117 6
23 0 1
26 124 6
106 82 1
79 90 5
13 98 5
92 27 9
94 60 7
2 120 9
124 73 6
66 92 1
96 20 8
21 126 4
0 107 7
129 58 3
35 78 6
44 89 6
53 20 1
73 74 5
81 126 2
43 32 8
24 68 2
6 79 4
66 34 9
43 30 1
125 77 2
25 103 3
89 87 5
76 51 3
17 56 8
47 7 1
38 45 7
131 78 1
19 0 8
35 45 9
55 136 6
14 9 6
79 40 5
82 49 7
20 113 6
28 126 9
109 57 5
47 60 7
121 89 7
40 17 5
88 99 8
88 40 3
111 118 3
124 42 1
24 113 8
93 66 1
97 69 3
83 68 8
53 117 1
58 97 7
2 11 8
82 67 4
60 42 7
95 128 5
77 54 4
11 9 8
34 125 1
71 63 1
114 94 2
10 135 5
17 46 1
73 84 6
101 128 9
58 119 3
112 119 3
76 47 7
35 115 5
2 100 4
16 73 3
99 118 5
0 74 3
12 4 6
36 52 2
58 14 5
79 116 8
22 79 2
8 82 3
89 18 9
68 3 9
22 41 6
21 107 9
73 31 9
56 31 1
107 18 4
45 62 8
80 94 8
52 30 1
5 98 3
42 78 7
12 129 2
5 70 2
20 76 3
31 70 9
116 94 6
105 87 2
108 26 7
96 28 3
53 14 9
118 130 7
31 134 2
46 87 4
43 10 7
47 92 7
111 95 2
95 45 4
80 113 6
44 23 2
108 79 3
135 8 8
118 72 2
103 39 9
97 45 5
17 74 4
86 33 1
26 63 1
93 97 9
109 108 7
83 84 2
112 59 5
85 71 8
31 52 1
86 128 5
44 109 3
101 124 5
70 28 1
115 65 6
108 75 1
93 48 4
97 38 1
56 134 3
131 26 5
87 65 9
53 66 3
43 57 6
69 117 8
22 53 9
66 54 2
63 78 2
136 25 5
6 81 1
78 30 3
23 16 8
62 85 6
78 105 3
93 52 1
19 37 7
131 120 9
18 126 5
44 77 3
53 43 9
39 74 1
67 22 8
20 18 1
76 113 6
45 117 3
54 28 3
55 17 5
134 76 4
118 11 4
75 54 1
25 97 2
77 14 2
121 16 1
4 114 2
99 64 6
46 15 7
44 87 2
133 71 8
5 27 6
98 70 9
72 52 2
26 16 4
128 121 8
109 89 5
28 112 4
37 64 3
117 98 8
49 54 4
115 72 8
93 131 5
26 69 3
30 108 2
16 30 8
76 115 9
126 112 7
120 123 3
40 55 9
36 113 9
110 1 2
35 109 8
27 32 7
28 34 4
105 30 7
129 69 6
58 3 1
9 58 6
103 8 7
111 69 6
124 9 2
75 110 5
72 46 9
119 107 3
110 85 9
7 34 7
107 97 6
101 15 1
116 62 5
92 16 9
114 42 9
54 128 8
95 54 9
35 125 6
61 25 9
87 99 2
33 16 7
12 21 4
82 45 5
63 95 2
80 102 3
36 65 9
59 9 4
83 115 9
32 0 3
38 23 3
107 16 1
98 52 7
33 17 2
89 10 4
14 90 4
48 84 1
3 134 4
129 76 3
103 92 1
102 113 2
130 106 6
119 7 4
132 67 4
96 115 1
70 110 6
27 111 6
79 66 5
119 43 6
88 83 3
125 46 5
117 133 2
123 110 6
86 73 3
23 88 2
39 75 3
86 113 4
129 135 2
8 15 8
60 35 1
92 10 1
92 84 2
117 89 6
59 61 8
13 52 8
123 35 7
5 104 2
68 67 8
32 97 3
106 23 4
101 105 6
62 103 2
37 133 5
84 132 1
62 80 9
30 60 9
8 37 7
74 99 2
104 87 8
111 83 5
88 0 7
92 37 9
58 24 2
37 67 5
30 45 1
129 96 5
21 31 1
83 7 3
114 95 9
61 99 2
91 51 1
5 67 9
114 12 2
32 77 1
82 123 2
111 125 1
116 72 7
76 9 3
127 115 6
77 59 3
94 71 9
66 48 5
90 124 4
57 118 9
45 32 3
102 0 4
134 81 9
98 71 6
4 89 2
8 45 4
136 112 5
3 21 5
37 116 3
10 15 5
57 124 3
46 107 4
0 104 7
128 64 2
96 38 2
44 133 6
39 51 2
86 78 7
91 136 9
18 78 6
90 73 9
75 126 8
40 127 1
14 106 5
115 8 4
66 19 8
121 17 5
133 118 2
49 34 4
69 24 4
63 21 7
10 18 2
88 18 5
16 7 8
113 64 6
9 84 2
48 125 2
31 51 9
77 112 9
32 38 3
20 26 7
76 91 7
58 80 5
90 70 9
3 60 6
130 60 8
90 94 7
126 87 5
94 54 5
84 31 4
14 114 1
112 50 4
56 50 2
119 126 5
108 20 9
124 11 4
101 67 1
43 127 8
123 108 8
28 29 6
71 59 9
10 26 6
56 71 9
115 57 8
68 27 1
95 123 6
42 38 1
104 8 1
44 112 6
1 3 2
13 122 9
77 121 8
40 7 9
121 37 1
81 45 6
30 106 6
48 133 4
108 104 7
92 93 3
121 125 8
84 20 8
111 22 2
12 44 9
36 10 2
3 132 2
132 107 9
107 69 8
5 114 1
70 130 7
35 15 1
68 23 1
101 114 8
69 13 2
49 97 6
27 49 1
104 86 5
111 116 8
3 80 2
30 92 2
73 120 6
109 129 8
91 128 2
84 80 5
84 51 3
16 65 5
123 83 9
68 123 9
24 76 6
9 19 3
82 50 9
103 49 3
133 11 4
104 126 2
78 121 9
110 108 8
100 128 4
4 49 7
90 3 7
129 80 5
10 80 4
117 83 2
88 121 8
26 4 9
61 34 3
78 33 8
125 16 7
35 55 3
33 68 3
134 1 6
39 33 2
59 8 2
135 123 6
65 0 2
88 113 8
98 73 2
43 121 1
93 28 5
67 112 7
123 96 5
92 72 6
105 117 3
8 38 4
95 113 6
56 104 1
97 112 3
38 6 6
79 34 5
80 119 5
67 102 6
4 95 7
82 37 7
113 96 8
10 58 7
53 92 1
22 85 4
118 55 6
126 16 1
77 82 5
102 133 9
97 11 1
126 100 3
46 109 4
51 131 6
59 79 2
124 126 8
46 63 3
8 71 1
50 118 4
88 7 3
8 42 1
70 27 7
83 113 1
81 38 5
62 41 1
86 21 6
7 128 5
23 92 5
0 37 8
48 15 9
54 1 7
34 111 6
80 83 2
32 72 9
115 110 4
96 133 1
89 71 3
79 101 5
55 28 9
44 41 4
90 93 8
134 66 2
41 131 6
135 12 7
24 4 9
65 4 8
47 0 3
13 31 2
66 101 3
113 4 8
118 25 9
32 11 3
75 53 5
24 87 1
75 86 8
74 81 6
95 65 1
104 72 8
23 48 4
79 24 5
12 29 1
118 96 9
97 15 8
102 54 6
118 27 5
107 49 6
134 118 5
54 63 9
84 19 8
86 14 7
51 6 2
3 31 3
122 101 5
66 63 6
95 2 3
114 66 1
116 76 5
32 30 7
47 21 3
129 103 9
4 79 1
66 70 1
100 99 1
31 16 9
95 105 7
48 118 7
124 88 7
126 13 1
26 22 7
58 49 8
45 115 4
49 122 8
55 64 7
46 62 1
54 24 5
69 38 3
119 23 2
23 107 9
18 31 4
90 75 8
70 72 8
97 133 2
119 51 5
102 12 6
112 64 7
136 103 9
109 100 4
3 41 2
15 24 7
69 80 7
19 113 2
129 37 6
23 123 6
16 29 2
120 48 2
86 18 1
106 78 8
60 0 2
10 75 7
47 134 7
7 126 6
103 117 3
54 14 5
49 28 4
45 20 5
82 102 5
75 89 1
69 133 3
3 62 8
74 86 2
66 109 9
31 46 4
117 134 3
22 57 7
101 113 4
116 87 7
94 104 1
127 120 5
90 63 5
29 104 2
87 83 8
9 21 5
59 52 2
78 97 4
82 44 3
116 101 1
105 72 8
103 105 1
64 103 7
65 117 6
78 108 9
108 16 4
105 1 1
121 12 2
47 27 3
91 109 5
40 58 7
107 68 7
89 94 8
15 82 3
131 66 4
38 63 1
117 47 4
49 20 8
73 26 4
22 96 4
76 43 3
132 6 7
34 6 7
131 113 7
96 98 6
46 9 8
128 45 6
133 16 2
133 53 2
128 47 5
54 99 8
10 23 9
15 99 2
71 120 5
79 7 6
13 129 2
99 135 6
113 37 7
123 12 5
109 42 8
113 115 3
27 116 2
98 92 7
80 81 5
109 107 2
69 44 4
122 134 1
136 111 6
59 38 1
94 13 9
102 95 4
122 124 2
17 23 3
115 134 4
32 6 9
134 38 3
29 120 9
128 9 1
26 77 1
45 43 7
125 91 6
98 24 1
42 87 2
93 107 6
87 12 6
103 65 5
58 72 1
7 134 8
14 55 4
64 101 2
117 42 4
11 61 9
133 88 7
102 74 8
102 121 2
118 82 7
122 92 1
43 118 1
123 90 6
108 17 9
29 127 2
50 104 7
63 117 8
22 119 3
44 22 4
88 104 3
72 21 9
14 97 5
96 126 6
95 83 2
100 105 1
14 94 9
132 134 9
91 43 1
30 65 7
72 126 9
50 130 5
0 38 3
38 50 4
51 59 3
19 83 5
85 100 4
1 124 5
58 69 2
128 117 7
95 52 4
103 53 9
5 53 8
82 72 7
132 65 6
99 102 7
73 68 9
124 23 8
111 107 8
37 109 9
24 110 6
15 104 7
79 49 5
25 81 8
28 108 1
67 76 1
136 38 7
51 87 8
93 61 4
89 49 8
103 40 9
55 29 3
34 63 1
108 61 3
54 106 6
50 24 2
58 87 4
8 101 3
19 107 5
69 27 1
32 134 6
47 36 8
32 100 8
44 46 4
40 44 3
100 42 7
21 112 7
55 80 5
66 116 1
123 131 5
36 80 9
108 132 2
130 96 3
22 3 2
5 52 4
13 123 4
22 94 4
85 15 2
73 29 3
30 15 5
15 9 8
125 106 4
61 106 1
112 58 1
28 99 5
71 64 2
4 37 9
88 17 5
130 63 4
6 118 8
23 71 1
126 65 7
110 15 7
101 77 2
10 70 3
17 76 9
27 39 6
8 51 8
117 6 1
97 61 4
136 115 1
7 1 7
108 0 1
119 75 1
74 4 1
33 112 1
83 103 7
134 130 2
12 110 1
86 64 2
60 6 1
101 117 3
35 29 3
25 44 4
113 34 1
5 28 1
48 2 4
122 60 1
1 19 9
53 65 3
44 76 9
24 78 8
25 59 8
126 25 7
98 35 7
96 78 7
65 44 9
83 118 6
113 10 1
20 54 8
91 28 1
61 129 4
55 110 5
101 26 3
11 52 8
6 29 8
46 23 2
52 20 3
17 125 5
122 45 9
91 100 4
50 40 3
87 134 4
38 130 4
134 68 8
73 99 8
42 84 5
37 123 4
74 92 3
44 58 3
9 83 3
19 135 1
44 45 5
40 22 6
134 4 6
48 105 4
111 135 5
117 56 9
117 106 8
77 81 7
112 26 5
88 89 1
29 44 3
111 124 8
104 77 9
57 94 3
38 120 9
9 8 6
45 98 4
102 47 9
76 58 9
26 40 1
94 12 7
135 44 8
103 44 8
10 57 7
74 122 7
65 55 8
25 127 1
31 133 9
128 13 8
12 20 2
1 82 2
25 89 8
116 17 3
10 111 5
106 32 5
26 54 2
73 56 1
34 127 7
59 67 4
92 116 6
38 70 7
66 117 6
77 3 7
15 51 1
3 88 5
66 82 5
89 63 5
47 86 1
92 123 8
121 92 8
21 65 4
0 17 2
103 3 3
27 76 6
9 17 6
54 97 3
135 25 9
24 0 8
36 75 4
96 33 6
26 65 2
90 91 8
100 18 8
86 122 3
49 93 1
66 89 8
15 132 5
15 133 4
51 81 1
132 17 7
101 13 9
79 115 9
81 63 9
78 113 5
53 84 2
93 121 9
99 20 3
1 102 1
122 114 6
1 50 2
26 71 2
16 83 4
56 35 9
64 17 7
121 19 5
99 117 6
92 77 9
29 98 8
39 11 4
60 121 8
65 58 4
126 62 6
111 36 6
91 127 3
22 107 4
56 21 5
63 44 3
20 105 7
41 61 8
33 34 7
85 125 7
29 133 4
131 33 1
20 116 7
91 46 6
124 48 1
44 11 8
127 53 9
27 81 3
114 78 2
119 113 4
67 13 6
64 116 5
25 22 6
94 61 5
100 27 2
68 106 8
85 128 9
48 94 8
94 73 3
0 122 2
92 115 9
6 28 2
89 11 4
0 92 6
73 131 6
21 89 9
41 87 2
98 88 3
26 128 9
52 105 8
73 82 7
17 120 8
70 97 2
61 60 3
35 47 4
102 60 4
70 60 8
18 43 1
21 33 2
47 104 9
73 15 4
131 17 1
73 51 4
61 19 2
84 35 6
105 123 4
130 10 2
104 61 3
31 45 1
101 16 5
20 130 6
47 56 5
70 1 5
17 99 4
110 73 1
86 77 8
25 68 8
114 44 9
39 84 3
108 5 3
28 58 9
93 24 2
106 45 4
78 120 4
0 22 1
85 13 3
56 0 9
126 1 6
51 23 1
6 21 9
16 134 2
24 48 4
62 58 1
53 4 2
119 14 4
85 24 4
67 117 1
117 88 3
36 98 8
71 32 1
106 36 5
136 56 8
61 90 2
103 10 7
1 59 3
27 110 3
35 43 9
41 136 9
98 54 4
88 86 6
128 76 5
125 75 3
78 3 2
34 81 2
41 26 6
39 3 5
135 115 9
38 49 2
65 20 5
99 114 8
111 24 8
104 89 9
55 124 7
43 0 6
118 93 6
19 104 6
29 7 7
79 38 9
122 41 8
42 17 3
70 120 5
54 114 2
32 58 3
16 60 6
98 65 1
14 76 9
7 122 2
120 51 3
65 23 2
34 101 3
93 16 4
40 30 8
67 46 2
132 123 4
10 49 1
67 49 3
103 12 3
35 117 4
64 7 7
101 104 3
71 4 5
13 16 9
113 48 1
53 87 8
127 5 5
132 45 4
105 110 8
1 44 4
21 26 8
75 101 4
77 72 3
49 85 2
61 116 1
124 67 1
58 93 3
81 5 6
102 5 2
133 79 7
131 58 2
133 19 2
93 14 2
25 65 3
30 134 8
3 32 5
73 44 8
105 14 8
34 60 9
116 107 9
122 39 8
123 93 9
54 90 4
117 61 1
70 105 7
26 74 9
1 130 7
58 18 9
31 72 6
86 35 9
1 9 6
50 65 5
71 5 6
49 83 5
54 46 2
17 57 5
10 35 7
68 63 2
25 19 5
92 135 1
33 27 2
60 123 8
136 133 2
16 68 5
15 36 4
130 13 5
114 49 4
87 122 7
76 19 2
43 11 2
116 136 4
112 72 4
40 37 5
115 95 3
98 43 5
134 2 2
77 38 9
49 23 9
18 39 3
131 11 6
32 79 4
60 49 3
12 128 6
73 78 7
78 23 6
51 64 4
90 127 6
88 90 1
110 106 5
9 34 8
21 41 6
41 125 8
80 64 6
62 44 5
88 74 1
131 89 6
58 102 1
28 3 3
135 27 4
56 113 8
12 83 9
7 117 4
126 86 1
78 98 7
104 119 9
9 135 8
86 22 9
58 75 1
76 25 9
77 31 4
26 35 5
132 125 7
49 36 4
81 102 4
96 107 5
70 122 3
70 107 9
74 68 9
71 67 8
40 70 7
122 36 8
58 42 9
25 17 1
99 133 3
45 130 3
13 131 4
111 21 1
29 57 6
73 107 5
51 3 4
0 9 1
3 74 9
89 93 6
32 35 7
41 4 7
23 131 1
18 101 6
7 3 2
6 68 5
30 22 9
108 77 1
2 49 4
101 103 8
113 79 4
97 18 5
24 53 2
84 106 2
34 27 7
77 117 3
108 82 8
2 121 2
94 130 3
60 7 6
101 59 9
121 82 8
43 9 1
79 43 3
38 31 2
103 31 5
107 101 5
134 133 1
74 136 1
62 60 1
8 132 4
67 118 5
103 77 6
111 56 5
51 127 7
91 112 4
23 80 6
133 8 7
86 97 5
58 2 5
83 22 5
62 40 5
11 46 7
81 58 5
58 61 9
114 16 9
35 127 8
12 66 4
51 1 7
63 32 6
88 43 6
131 45 5
125 114 1
33 55 4
20 114 3
110 44 8
42 134 7
41 124 4
134 85 2
73 79 6
69 61 7
59 74 1
120 103 4
68 46 5
47 80 1
122 63 3
71 1 9
119 27 4
61 119 4
101 38 4
72 123 2
24 81 2
2 136 2
122 12 5
67 115 5
52 1 4
67 43 7
54 42 5
127 26 6
89 126 8
92 59 3
22 97 6
25 55 1
105 55 2
59 5 8
50 67 1
55 46 6
127 58 4
11 15 2
94 120 1
58 108 8
109 8 5
84 136 5
135 108 3
15 84 2
86 23 4
14 2 5
58 133 7
18 56 8
123 79 7
13 58 1
131 12 9
125 126 8
56 72 6
10 110 3
72 29 5
112 111 2
103 126 4
69 88 2
77 118 8
110 5 3
37 70 8
47 23 4
135 59 5
135 95 6
24 44 7
104 116 6
32 107 6
34 22 2
132 91 6
40 84 7
63 86 1
10 33 8
50 124 9
13 11 1
129 102 1
103 71 4
111 13 1
1 28 4
38 5 6
74 60 2
59 37 3
31 54 5
5 64 7
86 125 9
87 1 5
113 129 2
120 126 3
86 57 9
5 61 2
67 89 3
6 65 3
109 114 3
118 106 8
77 124 2
55 77 7
6 90 6
131 14 2
67 44 1
44 61 6
6 112 4
121 25 5
10 56 7
19 105 6
76 97 7
79 37 5
49 56 2
38 92 9
90 67 3
125 70 9
52 43 8
118 66 6
9 120 5
32 15 7
80 75 2
94 127 8
14 52 8
125 14 3
32 92 2
16 110 3
1 36 5
95 119 4
83 90 3
20 69 4
28 75 9
6 36 7
80 77 5
120 39 6
86 13 9
21 0 4
28 52 7
31 105 2
95 93 1
102 126 5
80 50 7
133 39 7
17 85 6
124 100 7
60 113 3
63 98 7
76 102 3
124 114 1
57 92 2
132 103 5
20 7 3
33 116 9
111 71 9
127 73 9
125 130 6
86 133 4
15 43 7
28 64 1
2 127 9
1 119 4
35 14 8
88 36 7
53 1 2
83 58 7
129 128 6
82 33 1
60 134 2
48 136 5
20 10 8
61 57 4
45 64 7
123 125 1
63 73 9
47 8 1
57 126 8
40 46 5
89 62 8
18 35 3
53 116 6
124 39 4
16 35 3
2 0 1
48 82 9
111 75 5
11 74 2
55 8 2
28 30 4
8 126 5
120 55 1
95 67 6
20 135 8
136 32 7
33 58 9
3 83 4
100 69 3
101 85 2
50 64 2
124 91 8
24 117 5
31 58 2
24 70 1
79 84 2
99 49 4
90 104 7
42 76 1
63 59 4
116 75 1
52 48 3
92 13 9
23 2 1
67 18 2
72 99 5
126 69 6
85 5 3
97 59 3
87 40 7
15 103 4
82 122 2
22 70 2
134 21 4
62 43 5
125 89 6
27 31 5
66 36 3
80 0 8
104 69 8
123 43 7
43 101 6
129 132 6
24 39 5
41 0 7
118 114 4
58 53 1
78 118 6
74 117 8
128 28 2
61 65 2
124 94 2
55 51 1
74 69 6
31 60 4
102 69 5
126 31 2
44 39 5
76 23 9
54 91 3
7 106 2
62 127 1
36 117 2
25 74 3
127 31 6
30 35 7
19 42 1
79 3 2
26 17 7
95 9 5
43 134 4
23 21 1
74 14 3
27 3 4
65 68 2
92 52 7
126 95 5
72 124 9
42 119 8
93 64 2
21 104 9
17 112 7
102 123 3
65 15 3
76 55 1
30 109 6
68 50 1
88 26 4
101 20 5
33 99 8
48 42 9
21 30 1
120 92 5
110 87 4
104 106 1
74 36 6
117 92 7
42 44 2
40 85 7
132 101 4
10 91 2
104 23 7
33 44 4
112 18 3
10 87 5
17 60 7
114 62 1
50 132 4
16 45 4
64 18 9
106 3 5
72 94 1
128 57 2
7 127 3
99 51 5
78 21 7
16 66 9
90 2 4
21 84 3
16 136 8
136 22 3
19 15 4
88 132 5
91 116 3
98 107 6
57 123 2
96 62 2
56 69 4
24 42 2
53 60 4
31 129 6
3 19 9
69 28 5
33 136 2
81 33 2
36 67 9
99 40 8
11 40 9
77 134 3
105 115 6
22 27 1
60 75 7
42 136 5
109 117 7
27 0 8
25 2 7
82 92 6
126 99 2
95 36 2
24 77 7
135 26 5
49 131 1
23 89 1
23 4 4
50 8 6
131 127 4
29 40 1
73 58 2
38 116 2
134 14 6
127 64 8
84 67 2
1 4 4
20 59 9
1 68 2
11 45 8
114 39 2
76 41 8
108 114 1
78 37 1
105 128 6
56 128 2
9 10 5
88 120 1
42 62 9
50 42 6
81 75 3
84 133 7
0 7 4
59 24 7
133 20 2
103 75 6
7 91 2
31 102 5
84 100 4
118 7 4
79 93 7
87 17 1
69 32 7
30 77 7
98 126 5
11 31 4
108 29 5
1 96 5
111 63 1
88 46 2
131 75 1
26 60 6
86 39 7
112 62 3
44 122 3
20 120 9
118 1 9
120 25 8
85 89 2
132 93 3
105 80 4
98 40 5
128 15 2
52 41 7
32 19 1
75 136 6
75 11 4
57 112 2
57 62 1
71 131 9
34 1 7
47 69 5
132 21 6
22 68 3
73 48 6
54 112 5
121 21 6
23 9 5
7 15 3
78 111 5
110 102 3
119 6 9
26 119 1
41 73 1
107 40 7
89 26 7
60 88 6
2 113 4
133 55 3
12 16 5
136 29 3
4 126 5
121 33 5
108 69 5
67 86 4
107 90 4
79 109 7
57 28 7
97 8 6
102 71 5
95 46 6
109 92 6
123 64 9
95 94 1
90 0 5
115 16 1
114 97 4
61 27 2
66 51 4
23 77 4
114 107 6
88 105 7
1 109 1
72 89 3
13 88 8
112 2 8
30 67 7
45 58 5
119 56 4
31 33 8
22 126 7
119 62 4
88 9 1
126 101 1
90 7 2
22 36 9
115 124 6
81 132 8
119 120 7
30 97 8
118 105 3
61 113 6
53 16 2
76 54 7
