111
66 33 5
66 37 7
66 72 2
37 25 5
37 52 6
25 70 4
37 99 9
33 85 9
99 67 7
33 22 6
25 53 2
37 14 2
67 12 3
99 28 3
52 48 1
25 47 1
70 6 4
14 76 6
14 23 2
37 93 1
66 29 5
76 106 1
23 104 5
66 50 2
106 77 5
47 20 7
14 81 4
23 58 1
106 82 2
33 41 1
76 57 6
99 61 7
106 95 3
14 98 9
47 91 8
66 69 8
53 103 9
106 16 8
77 88 1
93 13 4
33 8 2
16 43 3
6 44 7
53 83 6
77 75 1
104 71 2
103 18 3
50 39 2
8 63 3
66 96 2
22 101 7
82 87 5
72 26 8
104 73 7
6 64 6
58 108 6
44 21 2
16 56 2
106 109 1
95 94 2
63 34 3
26 54 4
96 51 7
104 86 9
87 11 5
37 30 6
29 35 6
23 107 7
85 15 3
94 31 3
107 78 6
39 80 3
87 32 7
30 55 7
67 5 6
26 1 4
32 105 1
81 38 9
80 27 1
56 0 7
83 89 2
66 92 3
41 45 3
43 3 6
34 60 1
26 40 3
67 36 8
63 10 7
87 17 5
104 19 2
52 79 3
56 97 8
108 9 7
28 46 5
63 49 9
35 102 5
105 7 8
61 68 7
96 24 2
96 42 1
95 62 1
23 84 5
13 74 5
20 65 9
53 4 5
19 59 6
70 90 8
76 2 8
49 100 6
77 110 4
24 27 5
64 105 2
84 56 8
26 87 4
94 71 3
11 25 4
37 33 8
13 102 6
87 64 4
62 6 3
12 62 6
39 87 6
32 20 9
34 19 8
53 71 8
35 17 2
36 2 4
1 36 9
25 89 3
83 57 1
102 48 7
35 30 5
36 88 1
43 72 8
45 4 4
12 14 5
43 28 5
69 5 1
58 100 6
13 9 2
23 109 5
30 103 3
63 71 8
67 33 1
83 65 5
103 98 3
33 13 1
50 35 4
17 18 9
45 12 7
37 45 7
54 47 6
104 72 5
48 25 7
19 15 3
72 20 4
11 81 3
31 88 4
18 79 2
36 105 7
4 87 4
94 102 8
42 71 7
61 109 1
104 12 5
63 85 2
21 56 8
29 55 2
54 90 3
48 46 1
16 29 7
105 31 1
44 35 8
108 41 1
26 107 6
59 57 3
44 23 2
7 34 3
107 62 9
42 77 9
74 28 6
95 77 6
22 10 2
28 25 3
89 96 2
78 72 4
20 35 4
79 67 8
65 73 5
25 74 3
32 54 3
15 46 8
36 63 8
60 73 9
11 15 3
104 57 6
16 101 3
46 17 5
87 67 6
110 72 1
20 39 8
36 74 8
69 70 6
71 87 7
90 25 3
26 16 6
79 45 5
60 46 7
96 81 2
28 75 2
43 83 2
21 41 4
69 19 6
35 10 5
63 53 2
67 65 2
57 29 1
77 91 7
74 9 7
94 15 2
10 76 8
16 102 6
109 9 6
102 7 5
73 36 4
86 65 6
105 35 1
52 101 2
83 13 4
13 19 3
35 48 8
38 14 8
44 9 6
74 37 8
63 57 9
86 96 8
11 17 4
96 13 3
106 42 4
76 104 1
48 74 3
16 18 2
51 63 6
35 74 4
54 53 7
47 33 9
58 8 9
77 3 6
44 79 4
73 48 8
60 52 5
10 92 9
69 110 9
95 36 6
49 45 5
20 79 7
20 103 4
45 32 2
21 71 2
35 85 4
49 68 9
45 34 9
88 61 1
22 57 1
13 26 2
1 51 7
69 23 5
11 5 5
61 70 3
24 19 4
97 70 8
28 107 2
78 22 8
94 59 5
91 14 2
85 82 2
76 16 6
57 92 6
9 46 3
44 45 2
37 31 6
27 19 8
72 106 5
11 12 8
2 78 4
39 18 6
11 29 9
35 93 1
19 67 9
108 99 4
65 19 4
20 10 2
70 31 9
105 91 8
53 1 3
8 80 2
9 8 6
67 42 1
94 49 2
44 82 5
23 89 1
81 64 9
47 75 2
64 11 9
55 33 9
71 13 4
27 46 2
18 94 5
30 61 6
87 37 7
46 83 1
26 22 1
29 37 9
103 94 5
106 86 6
60 14 3
53 47 4
41 44 9
11 27 8
102 40 6
90 86 7
20 19 6
76 65 5
35 19 1
2 80 2
98 87 2
83 56 6
53 30 3
73 5 4
34 96 6
40 36 3
17 4 5
78 20 2
83 27 6
8 90 1
50 61 5
81 106 8
11 98 8
91 39 1
95 100 4
98 23 4
41 95 2
79 106 5
85 78 1
31 91 5
13 54 9
88 37 3
61 48 3
52 16 1
1 55 8
19 66 4
26 36 7
62 14 6
56 47 6
52 35 4
8 40 3
29 91 6
72 64 9
53 6 2
95 64 7
19 11 4
65 14 9
53 56 6
47 40 4
90 50 3
49 26 8
23 20 6
40 98 9
14 67 3
42 35 3
104 97 6
4 8 9
45 84 6
52 6 6
9 60 2
23 97 7
78 63 6
39 56 5
1 68 2
84 101 5
79 35 4
48 3 2
13 36 6
95 38 6
102 49 6
8 77 8
27 51 1
69 20 7
27 7 3
83 18 8
67 43 9
94 10 9
75 94 4
0 32 6
3 67 1
42 85 6
22 18 2
107 73 5
102 104 3
49 14 6
41 90 3
4 52 4
57 69 9
7 74 8
52 14 8
110 5 7
16 50 2
75 78 8
49 54 3
26 47 2
45 82 8
56 34 5
59 40 4
66 4 5
52 43 9
59 69 8
44 90 1
102 56 5
18 15 8
38 94 7
108 75 3
107 27 3
59 22 3
100 77 4
54 34 3
48 30 6
21 26 8
72 13 9
2 70 6
3 52 6
105 88 2
61 38 7
19 7 6
83 63 4
31 49 6
17 91 2
59 36 4
24 48 1
95 39 9
50 38 1
45 76 3
21 6 2
96 35 4
105 74 7
22 106 4
37 65 2
60 43 2
60 16 8
33 19 8
9 14 5
53 38 6
70 72 4
86 47 9
42 55 5
72 97 4
81 90 4
48 38 9
61 63 8
39 84 8
88 55 5
47 36 3
94 97 2
109 41 2
21 19 7
88 104 7
73 105 2
69 38 6
7 33 3
29 82 1
62 80 5
32 85 7
76 109 4
102 108 3
110 65 6
38 4 4
110 73 5
30 14 9
5 74 1
21 94 9
20 8 1
54 11 2
98 100 6
44 15 7
72 84 8
101 95 2
3 46 6
12 70 2
100 108 2
44 81 9
94 37 9
101 65 3
79 84 6
87 85 7
70 0 9
104 30 7
38 83 5
65 17 1
53 66 2
103 59 5
43 108 5
14 48 9
100 28 2
37 76 6
73 51 2
87 58 5
98 50 9
8 48 7
48 78 6
4 22 7
9 27 6
95 57 4
107 15 8
65 21 3
10 110 3
46 43 9
37 34 7
14 1 1
24 73 7
7 78 9
73 1 8
9 24 4
77 74 6
7 2 2
32 15 1
83 25 9
82 66 5
99 63 8
24 25 5
91 108 1
42 75 2
19 23 8
110 57 4
101 90 7
63 109 1
93 65 4
91 104 2
66 20 3
49 104 9
46 57 6
16 63 2
53 86 4
3 94 8
85 4 4
7 4 5
5 77 2
87 6 9
52 49 9
92 110 6
31 79 7
87 83 2
61 25 7
85 43 5
70 68 6
98 38 9
86 3 6
95 16 7
57 77 1
55 13 6
59 101 5
69 53 6
21 64 8
1 71 2
106 43 8
51 0 3
12 81 7
64 5 5
100 52 8
47 70 3
108 104 3
50 36 4
3 49 8
57 9 2
54 10 4
90 17 3
7 43 8
82 52 1
103 2 5
98 16 9
18 32 3
73 56 5
53 81 1
16 62 7
36 92 5
44 76 9
59 33 3
9 82 1
54 95 7
41 87 2
49 36 2
63 103 5
107 16 8
21 14 5
13 56 4
59 3 8
69 108 9
48 54 4
57 21 4
6 58 3
50 91 7
62 5 9
39 0 7
89 3 1
85 80 8
58 76 1
63 47 5
36 94 1
70 44 1
31 45 1
38 64 8
19 17 5
82 77 1
101 60 1
37 106 4
109 22 9
44 57 4
19 90 5
25 50 6
90 71 2
47 60 3
83 70 1
92 29 3
105 92 2
99 48 3
75 95 3
82 95 6
80 79 1
10 13 2
87 57 3
15 43 1
18 81 9
1 24 8
60 18 7
77 85 5
42 59 9
1 59 1
7 80 9
5 15 2
59 79 6
55 14 5
97 15 8
73 94 6
104 59 2
57 89 1
24 43 9
104 109 7
94 40 7
1 23 3
109 64 8
49 37 7
46 75 6
84 86 4
78 104 9
79 39 3
24 39 1
1 6 6
0 89 8
64 104 9
84 15 9
54 52 8
59 58 1
69 78 9
109 13 7
84 18 8
58 62 6
48 63 2
68 26 7
