150
72 112 9
72 94 7
72 91 7
112 25 7
72 146 3
112 31 4
146 34 2
72 42 3
34 6 6
34 125 6
112 18 2
25 1 7
146 121 1
31 88 2
121 3 3
6 67 3
1 21 8
6 8 1
112 81 4
121 24 9
21 43 2
25 13 9
25 22 7
121 145 3
112 65 7
72 16 2
65 138 8
42 97 7
6 133 9
121 137 3
18 57 3
91 89 8
72 63 8
121 141 9
112 19 9
133 77 9
112 113 8
8 62 6
146 44 8
3 124 8
89 55 6
42 127 2
18 132 3
6 73 4
18 61 5
89 85 1
13 90 8
16 130 2
13 135 6
112 17 5
130 144 4
85 139 2
81 20 2
138 92 9
16 47 8
20 108 6
137 32 4
144 82 7
8 109 5
62 131 8
113 4 8
3 105 7
13 101 2
130 23 6
55 100 5
88 120 4
146 56 2
77 104 9
77 117 2
82 76 5
112 29 4
125 75 5
117 79 9
144 83 1
77 36 2
31 50 9
132 115 2
109 52 3
56 136 6
34 33 6
82 58 5
47 0 7
101 98 3
138 142 4
137 147 7
16 107 8
62 70 4
58 134 1
109 26 5
107 106 9
21 38 2
16 14 5
133 5 9
34 80 6
29 66 5
127 93 8
77 86 7
24 69 7
146 40 7
24 60 9
132 7 5
105 111 6
50 48 8
3 2 8
17 103 8
0 54 7
94 12 6
50 59 5
105 15 4
145 37 5
16 28 7
127 9 6
15 95 6
141 68 1
141 87 9
139 74 7
136 110 5
132 99 1
135 78 4
0 71 7
92 10 7
125 51 9
134 39 1
50 116 7
31 41 1
17 118 9
146 64 2
38 11 3
115 84 1
76 46 4
92 30 5
145 102 9
121 126 7
127 123 1
137 114 4
95 35 8
106 119 2
79 27 2
30 45 3
32 140 5
44 96 6
89 129 3
2 148 9
82 53 7
83 49 9
118 143 3
66 128 6
1 122 9
83 149 3
111 28 2
101 42 8
55 137 6
134 6 3
107 47 8
79 77 4
147 93 8
129 91 4
41 36 3
61 102 6
146 75 1
45 91 5
136 32 7
35 94 9
133 128 2
111 107 8
84 38 3
63 16 5
132 133 4
127 53 9
49 134 7
140 18 3
86 117 1
137 46 7
84 107 9
22 30 4
28 143 3
3 143 6
55 63 1
44 139 8
89 111 9
54 60 6
58 129 7
64 49 9
82 57 2
104 43 6
83 127 8
70 56 8
109 125 1
62 49 9
0 139 3
4 145 5
81 75 3
140 77 7
89 99 2
75 106 7
70 0 7
4 102 1
30 103 5
87 128 8
106 89 6
84 123 6
30 11 8
60 138 3
89 102 2
98 123 6
80 96 2
105 39 6
60 25 5
144 86 2
38 79 6
9 80 9
61 46 4
46 138 5
123 16 2
144 47 4
103 137 6
67 71 7
27 142 2
73 1 6
81 108 5
109 96 5
0 113 8
115 36 3
70 129 6
42 128 5
103 38 3
145 132 2
6 30 6
76 140 6
1 129 6
102 20 3
135 12 2
19 72 6
67 17 7
147 1 5
117 97 1
5 132 6
109 36 5
55 92 4
83 56 1
48 119 4
136 79 7
24 96 8
43 49 9
129 20 6
142 13 9
18 41 6
101 109 6
4 142 5
138 22 3
51 89 5
13 106 5
59 93 8
129 140 7
63 106 5
93 10 6
106 145 6
96 71 5
112 7 2
103 92 2
147 121 1
101 68 6
7 103 9
106 67 4
28 34 1
39 78 8
42 10 3
113 131 5
58 66 2
51 17 6
82 94 7
59 101 8
65 113 2
43 83 2
11 77 2
12 124 4
132 113 9
11 100 8
108 112 8
115 19 3
16 6 8
140 12 4
29 134 6
149 23 3
143 63 9
103 15 7
26 17 1
140 75 7
131 10 7
33 41 7
129 146 3
31 145 1
90 123 4
36 5 1
2 143 5
21 27 7
37 118 3
95 19 9
132 35 3
6 98 4
56 69 5
94 146 9
91 35 4
149 115 1
115 127 7
84 103 3
131 77 4
125 122 8
26 62 1
76 142 5
142 65 5
0 102 9
75 142 9
144 94 1
34 48 2
20 25 4
58 18 7
96 83 6
18 59 8
40 64 3
2 141 6
19 139 1
123 85 6
144 19 5
1 91 7
42 12 9
21 33 1
32 65 4
80 100 2
53 64 4
50 72 5
82 75 1
145 136 3
85 108 4
33 95 5
53 143 8
93 102 7
126 47 6
15 21 8
54 117 2
64 28 2
36 144 1
71 9 4
71 61 4
63 131 4
52 10 1
53 87 2
23 122 8
137 48 5
89 143 3
120 46 1
73 83 5
28 17 9
91 18 3
39 103 4
115 32 3
8 19 6
85 65 4
81 46 3
33 28 6
49 102 3
79 139 9
3 72 6
65 101 2
146 36 7
143 43 3
19 109 9
39 14 7
141 25 1
60 142 7
122 139 3
51 29 9
135 113 5
20 34 6
35 79 7
23 69 1
12 63 6
32 66 4
144 63 1
43 117 9
3 76 7
100 16 7
142 145 9
110 47 6
113 21 9
45 135 9
7 72 5
111 132 9
53 141 9
22 128 2
123 95 3
129 120 4
81 6 8
32 57 9
126 118 7
6 144 5
87 124 5
141 22 5
92 86 9
41 148 3
2 39 1
76 1 9
85 100 5
57 21 8
2 104 1
135 54 2
2 77 2
12 50 5
49 42 7
28 56 4
109 20 9
92 24 3
81 127 8
105 125 1
65 74 8
87 119 3
139 93 7
138 53 3
98 32 8
28 43 8
101 139 3
19 73 3
136 39 3
133 44 9
8 28 8
31 66 5
147 90 6
63 23 4
51 28 1
12 99 2
2 43 3
131 21 6
21 32 4
76 98 3
60 57 6
17 104 8
136 73 5
134 16 3
131 94 7
63 74 6
70 60 9
82 9 5
109 133 4
89 119 2
142 1 5
33 5 7
44 48 5
115 52 3
17 96 5
4 10 4
35 17 8
141 67 8
49 70 4
12 46 6
125 67 9
74 117 9
119 69 4
32 35 5
93 125 3
26 23 5
137 87 1
72 55 8
118 129 8
41 139 7
39 11 4
66 126 4
146 89 6
75 105 5
64 93 7
37 79 3
134 124 6
4 141 2
15 111 4
130 119 5
56 41 2
149 41 7
9 112 4
30 60 6
48 83 8
54 137 2
91 12 8
111 45 2
135 94 6
52 25 2
96 29 7
114 122 7
96 10 6
84 21 4
47 129 3
148 124 2
59 100 5
110 52 7
115 41 4
123 104 7
21 34 4
21 60 1
111 13 1
107 90 1
88 142 5
76 149 2
105 69 5
33 129 7
0 62 2
11 117 5
124 66 4
99 77 5
3 128 6
24 71 9
48 30 3
93 70 6
87 5 9
8 47 2
47 104 6
146 45 4
113 33 3
126 84 3
149 81 3
56 71 3
147 91 1
21 104 1
141 57 3
55 20 8
134 149 9
20 132 5
62 86 4
114 143 3
40 122 5
66 97 5
30 89 1
85 49 4
131 142 4
97 41 3
66 37 1
124 63 9
32 0 1
48 88 6
69 86 4
144 30 2
146 147 3
2 60 3
79 76 9
76 144 9
43 41 6
8 42 3
92 85 8
61 86 1
107 58 4
33 119 8
84 86 4
72 47 5
52 26 2
65 125 8
65 102 6
32 109 3
1 106 1
12 75 7
119 72 5
67 65 8
87 96 4
9 79 6
91 49 9
31 133 2
10 136 3
0 60 2
135 33 2
111 76 9
77 32 5
58 56 2
56 18 1
98 70 2
1 55 4
95 124 7
112 11 4
37 80 7
145 22 4
27 74 6
128 44 7
45 11 6
42 22 3
23 41 2
109 110 5
54 106 2
113 148 5
55 21 9
144 111 5
50 19 7
102 109 1
76 110 9
103 29 5
70 35 9
131 105 2
134 91 3
89 144 6
4 20 7
91 108 5
130 134 7
101 20 8
109 149 6
27 51 1
2 79 3
62 29 9
73 20 7
44 113 9
36 40 9
57 73 7
129 124 5
52 125 3
120 37 3
67 54 2
61 114 1
141 96 9
0 149 7
0 61 5
135 43 7
142 12 4
60 97 3
44 143 9
113 126 8
80 75 5
70 26 9
88 67 8
148 86 9
139 95 4
105 91 3
20 53 1
128 148 3
58 85 5
130 38 8
38 1 5
27 129 9
4 129 5
85 112 5
97 11 6
81 97 3
58 35 4
138 122 8
13 17 9
87 3 6
72 80 4
6 97 8
143 136 7
133 35 6
77 58 5
92 23 9
14 63 8
93 50 7
8 36 8
60 116 8
87 18 6
94 105 9
145 119 6
134 97 4
11 78 8
129 127 6
30 52 8
55 65 6
125 11 4
61 17 4
37 41 7
3 30 8
3 13 5
141 8 7
134 67 9
36 78 4
52 99 7
130 28 5
81 77 4
40 96 4
147 56 1
6 116 5
68 54 6
35 131 7
15 67 1
13 141 4
13 50 6
50 98 2
66 133 2
52 122 3
22 146 2
144 97 1
145 104 3
125 114 3
32 59 6
114 48 9
68 83 3
98 69 3
120 133 6
138 114 1
114 96 2
125 53 4
116 145 8
84 45 8
11 43 6
129 34 7
146 4 1
64 109 1
60 37 9
136 45 7
78 23 2
97 110 5
23 57 5
84 106 9
43 134 8
69 44 6
126 145 7
44 149 9
52 61 3
72 27 1
54 46 9
145 80 7
138 39 8
39 90 9
55 110 6
126 37 4
33 131 1
51 54 8
17 63 6
9 60 7
130 95 3
45 68 4
32 88 8
43 58 9
60 144 6
57 111 6
68 59 9
7 95 1
142 108 5
103 110 4
72 24 3
75 54 5
134 96 9
116 58 7
51 112 3
98 78 1
31 7 2
4 43 8
27 113 7
47 121 8
51 87 1
145 139 1
34 11 6
64 9 3
24 12 7
139 90 5
39 57 1
37 17 1
74 94 6
20 45 1
73 32 1
81 49 7
115 148 8
20 79 7
24 118 7
126 142 7
22 66 8
79 90 2
79 145 5
92 63 6
26 53 5
91 5 8
70 99 9
27 77 9
107 51 9
109 123 2
72 76 2
146 20 7
24 48 3
68 15 5
103 112 7
13 108 3
4 87 7
43 105 2
103 134 2
83 0 9
110 128 9
114 70 6
41 28 3
145 26 7
83 69 8
95 147 8
26 19 6
37 70 9
111 7 5
21 5 7
96 37 1
1 18 4
116 48 7
28 92 5
97 5 3
137 92 5
105 144 9
76 99 6
43 109 8
45 118 7
82 63 5
127 0 8
32 125 3
14 103 8
113 84 6
16 77 9
126 81 9
91 70 3
23 47 1
129 15 9
144 2 2
23 54 5
107 144 5
16 37 1
11 4 6
31 58 3
120 9 1
106 126 4
68 116 2
120 68 5
54 129 7
111 97 9
33 10 7
128 137 6
67 127 8
43 42 6
103 8 5
50 91 5
87 60 6
13 104 2
148 81 2
13 65 7
88 138 2
127 148 7
25 132 6
86 49 4
112 117 7
146 59 3
39 102 7
3 79 1
62 120 8
76 57 2
76 23 5
95 29 7
130 137 1
85 146 7
129 2 8
67 86 5
87 58 1
141 31 8
49 48 6
146 8 3
103 77 2
99 29 4
135 74 1
126 147 7
56 149 5
29 11 9
138 115 2
82 54 7
83 75 8
5 81 8
114 102 3
59 26 5
141 82 7
75 53 5
39 23 2
34 37 6
136 148 5
122 39 7
43 54 5
1 6 2
24 2 1
27 55 5
103 149 9
43 8 7
132 141 5
68 46 8
139 114 7
7 94 4
148 62 3
25 56 9
62 115 9
80 44 6
52 48 6
7 67 2
50 85 6
131 135 2
148 51 8
63 101 3
111 52 4
129 39 6
134 34 1
26 36 2
5 1 4
122 36 5
48 98 7
115 46 4
92 112 7
81 54 6
131 96 1
13 147 6
4 15 5
74 0 6
0 82 7
132 3 2
70 61 3
25 118 9
145 10 7
14 95 3
41 106 3
67 22 7
102 10 3
14 141 8
141 1 3
120 16 4
18 93 4
107 8 3
12 35 6
111 24 8
14 127 7
12 126 4
93 96 1
39 33 5
39 59 6
84 97 2
93 22 6
21 83 3
8 85 8
126 133 4
13 52 1
36 17 1
116 3 9
79 5 1
136 59 3
103 33 5
40 69 4
121 32 9
0 134 4
99 86 2
112 138 3
64 104 1
29 141 2
1 4 1
60 145 5
141 66 5
147 24 5
148 118 7
121 49 3
72 105 6
83 131 5
120 123 5
90 3 1
134 100 1
77 61 6
21 76 3
60 39 5
118 141 6
30 67 3
87 65 3
45 127 7
50 136 7
52 119 1
129 114 1
132 4 1
146 133 7
44 10 9
95 116 5
48 47 4
84 73 8
128 55 8
25 81 4
36 79 7
7 8 4
53 52 2
0 120 9
97 149 3
33 99 7
13 53 7
5 60 7
2 138 6
24 51 9
13 28 7
90 35 8
100 139 2
15 72 6
96 116 7
107 146 8
82 143 5
46 56 6
45 49 5
75 33 7
65 127 7
127 112 9
4 118 6
101 30 7
79 149 8
81 114 4
8 113 7
19 100 1
98 132 2
9 14 4
101 130 9
6 55 2
3 95 9
70 82 2
145 107 1
137 10 3
87 55 3
133 100 4
60 50 6
129 14 9
44 124 4
107 72 5
101 71 9
140 25 9
40 89 1
25 83 1
81 145 1
124 78 5
130 141 3
45 72 7
83 110 4
9 147 2
65 1 3
47 61 6
39 43 1
76 118 6
49 25 2
59 35 8
146 19 2
59 55 4
97 80 3
43 53 4
61 10 7
1 42 2
36 149 4
115 9 4
126 15 1
68 50 8
125 68 3
10 73 7
116 106 9
31 3 8
97 129 4
16 127 9
57 109 2
31 1 4
11 32 4
82 35 6
35 50 8
90 23 6
62 19 9
38 121 1
79 88 7
70 14 8
116 109 6
141 124 3
12 149 6
46 78 6
14 123 5
99 27 6
101 134 8
11 104 5
134 27 5
84 11 7
48 68 9
108 117 8
103 2 7
130 149 9
35 129 1
147 51 2
10 51 2
80 6 3
148 116 6
67 143 7
24 76 5
130 147 9
7 114 4
89 62 3
148 91 5
104 34 9
11 65 1
5 57 6
132 97 6
70 76 1
36 70 8
141 38 1
67 149 6
103 138 3
102 52 4
87 68 6
109 27 9
72 61 5
105 13 1
110 38 9
58 70 7
132 71 5
27 133 7
70 71 6
65 147 6
65 137 1
134 114 9
38 87 8
103 64 8
32 76 6
92 123 2
30 149 8
53 39 9
37 104 1
117 88 6
113 145 5
90 95 9
100 25 8
126 24 5
144 110 6
20 125 4
101 110 3
57 1 1
57 67 1
53 118 9
28 123 1
58 143 2
133 144 7
69 120 8
64 45 3
9 149 5
77 21 8
31 81 9
37 65 7
143 59 2
49 142 1
25 55 8
111 54 2
39 114 1
55 140 7
100 75 4
124 43 4
56 31 8
142 29 3
109 136 5
58 59 8
112 140 9
105 26 7
19 47 9
143 110 7
13 115 5
15 26 6
37 136 3
135 72 5
113 141 2
86 126 6
78 57 2
71 5 4
17 43 7
24 98 5
46 136 2
112 55 3
133 21 4
76 52 7
89 80 7
113 17 3
57 124 5
51 58 3
8 130 6
76 85 9
59 3 3
134 62 2
14 36 4
90 126 2
112 68 2
50 100 8
92 102 3
139 73 4
133 143 6
120 6 6
58 76 1
122 24 3
80 58 1
119 30 4
19 142 5
86 32 8
39 0 4
112 42 5
7 124 9
99 58 2
55 57 2
86 90 9
72 109 2
127 72 1
136 66 9
37 9 2
112 78 9
38 18 5
140 36 4
19 28 9
64 149 1
7 21 7
48 53 3
43 69 2
69 29 8
6 24 4
4 79 9
45 113 6
110 146 1
130 89 5
126 94 8
124 67 6
83 119 4
130 10 4
107 63 1
137 19 6
53 32 1
45 128 7
45 1 3
15 82 5
137 116 6
82 119 2
78 13 1
117 22 6
101 15 8
97 36 6
17 58 5
87 61 4
4 98 9
61 45 6
85 138 4
22 28 4
111 38 1
126 112 8
85 51 9
144 129 1
39 17 8
50 38 5
13 76 4
16 41 7
10 129 8
6 59 4
139 24 8
92 52 2
92 101 2
103 144 3
51 15 4
146 33 7
8 115 5
146 132 3
44 144 4
18 117 7
127 12 3
26 133 3
60 118 7
48 64 6
41 96 8
138 67 7
80 10 4
6 117 1
23 64 8
139 2 3
51 62 4
117 0 8
129 26 2
119 105 9
110 48 1
112 84 3
106 147 6
109 61 2
134 68 4
121 125 9
94 2 2
79 49 7
110 112 9
46 5 3
146 136 6
105 89 4
22 23 8
23 129 2
118 42 5
147 72 6
71 32 8
142 93 3
79 55 5
83 10 3
118 79 4
15 50 4
102 77 5
54 65 3
70 64 8
29 31 7
110 46 8
146 61 5
135 17 6
106 35 2
127 61 8
48 31 8
96 53 5
108 33 8
42 83 6
42 146 3
48 85 5
22 53 1
97 33 7
96 45 2
107 42 5
38 17 7
84 13 6
110 99 7
38 64 8
85 64 7
23 97 5
148 3 4
124 10 4
121 12 1
17 50 8
75 95 8
131 118 8
2 22 8
27 143 9
118 12 6
140 110 1
68 25 3
33 45 7
2 112 4
114 38 2
37 107 5
138 109 2
130 61 8
95 63 1
97 101 5
142 146 3
50 8 1
15 66 2
32 67 4
90 81 2
66 114 6
112 75 7
144 136 6
85 119 9
79 71 5
56 17 3
1 24 8
114 10 9
28 119 1
81 76 6
24 131 2
71 116 9
114 30 2
118 50 9
88 49 7
54 58 2
106 83 5
106 9 9
95 77 3
15 14 7
70 141 1
87 88 5
49 1 2
140 91 4
13 59 6
95 52 4
70 110 9
43 19 3
17 20 3
72 134 2
119 10 8
105 81 1
89 117 8
42 123 4
22 88 7
105 11 4
67 117 1
90 92 8
3 123 3
46 143 6
20 136 2
87 74 2
58 33 4
1 93 3
88 42 8
20 74 7
40 1 3
44 134 3
20 106 8
131 128 3
70 137 1
6 28 5
129 86 7
67 26 1
25 76 9
45 38 1
130 60 9
26 136 2
109 17 9
121 59 1
61 20 8
141 127 7
16 136 3
26 115 4
6 13 2
57 51 7
54 41 7
54 133 3
120 112 5
71 50 3
110 100 9
119 147 8
85 103 1
124 81 7
76 139 8
21 52 6
84 10 9
9 144 3
119 19 3
10 122 9
54 79 4
54 27 1
93 52 2
6 36 2
130 20 2
70 122 8
79 19 9
139 11 4
13 131 9
69 4 3
56 49 2
18 126 2
112 40 5
93 128 6
98 116 9
39 41 7
112 139 9
36 104 8
10 18 1
94 102 7
120 84 4
77 112 9
142 66 5
67 105 3
41 92 9
21 87 2
5 121 3
109 68 5
131 129 6
5 92 9
124 36 1
69 135 9
71 2 2
45 143 1
48 146 7
11 108 7
89 73 5
110 49 4
123 88 9
39 50 5
67 130 3
38 56 7
148 125 4
27 66 6
2 89 7
68 65 9
77 67 7
21 14 9
140 59 9
126 46 8
145 32 8
42 58 8
72 116 2
7 43 4
15 70 1
55 129 3
25 31 8
82 38 9
36 63 9
139 38 8
68 132 6
106 59 3
57 37 7
109 24 2
49 27 7
31 77 7
47 76 5
123 116 6
81 55 1
65 110 4
70 22 8
27 131 7
117 95 5
88 40 6
27 90 7
33 29 4
89 114 6
88 54 1
133 30 8
120 42 2
80 43 1
93 83 5
3 68 2
71 25 9
104 58 8
26 125 8
96 119 1
103 132 7
79 129 5
61 144 7
80 101 8
148 16 5
107 10 9
120 65 5
75 32 4
66 3 8
95 42 2
109 9 8
94 10 4
62 50 7
58 88 4
48 62 3
66 19 7
38 100 2
95 72 5
62 64 6
93 17 7
40 126 1
18 17 2
68 117 9
132 29 3
131 147 8
42 122 5
81 74 6
135 141 2
88 147 2
94 8 6
31 68 2
133 14 3
132 87 1
106 22 4
46 26 1
79 89 3
62 83 7
62 92 5
141 123 3
109 28 6
60 149 9
144 73 3
78 119 2
15 115 6
71 124 5
73 95 5
54 38 8
11 56 7
57 42 9
40 32 6
77 59 1
149 59 4
63 29 2
136 11 6
130 104 3
130 77 4
30 68 6
75 11 9
142 32 3
68 93 8
11 86 5
110 29 8
24 53 9
90 138 5
18 136 4
44 77 6
118 30 3
139 40 4
62 142 2
146 92 7
49 8 8
11 69 1
58 90 1
78 4 8
62 77 3
141 110 2
84 135 7
58 106 9
90 22 9
110 3 1
136 8 6
22 4 6
19 14 8
139 70 2
81 40 8
39 107 4
88 141 2
102 12 1
31 146 4
61 103 8
29 47 1
142 17 2
56 132 2
30 81 9
71 94 4
16 5 8
131 28 7
22 35 6
62 44 9
122 63 8
42 29 2
54 142 6
126 0 4
16 50 5
72 32 3
141 109 2
56 91 8
5 59 3
47 13 9
45 57 3
82 77 4
10 62 7
45 58 1
102 13 9
58 14 5
34 24 7
104 106 7
13 96 1
44 6 1
110 87 5
93 7 2
110 26 1
86 27 6
107 129 3
141 63 4
148 5 1
137 68 7
2 31 3
14 91 7
110 132 3
143 144 4
88 106 6
123 108 8
137 131 4
144 85 4
34 47 3
81 43 1
146 98 6
97 17 6
88 30 9
26 43 7
147 101 2
56 142 3
96 51 7
6 65 3
65 49 1
29 13 8
111 70 7
40 51 5
43 120 7
88 11 7
44 84 5
73 133 9
101 148 2
58 94 9
47 127 1
139 142 8
97 116 2
58 55 4
49 146 3
104 94 4
22 72 9
88 44 3
98 7 7
77 101 7
88 5 6
119 29 8
90 21 7
62 81 5
108 127 9
15 47 1
128 41 4
52 32 3
122 25 8
121 107 9
52 43 8
41 32 6
43 6 5
140 69 2
118 10 5
100 40 2
23 125 9
122 62 5
41 11 4
62 98 4
10 53 5
53 18 8
58 74 8
85 78 8
138 47 5
95 20 2
87 112 3
142 39 2
114 91 4
114 75 3
122 83 9
16 106 2
135 23 7
146 100 5
73 116 7
59 94 3
62 138 7
83 114 1
144 49 3
23 53 3
86 58 6
2 131 2
128 114 5
30 78 6
77 146 6
81 87 6
140 37 5
40 52 6
138 126 6
106 68 4
14 26 5
67 110 2
28 37 9
2 109 6
140 33 6
26 7 3
43 20 1
92 149 6
121 22 7
145 101 6
101 119 1
127 41 6
89 95 8
57 120 4
6 102 5
92 72 9
51 104 6
4 138 4
137 102 7
115 120 8
25 105 3
23 70 3
104 110 7
49 114 5
11 9 2
42 99 6
57 28 2
116 21 7
24 42 5
41 119 7
41 143 7
115 47 4
12 111 1
129 75 7
75 20 7
83 145 1
77 17 6
62 140 2
47 69 4
46 129 1
18 110 9
122 118 3
119 25 2
128 146 4
114 17 3
31 144 1
28 82 6
87 98 1
123 107 9
133 93 1
119 35 3
26 50 6
55 118 5
98 133 1
93 58 9
83 24 5
41 62 1
114 85 6
48 91 9
47 114 7
113 73 2
39 29 3
21 25 4
4 57 1
140 52 4
75 107 7
135 20 4
34 64 2
91 61 5
22 58 1
131 122 3
125 76 8
28 128 9
93 27 7
32 26 8
65 106 5
35 103 8
93 86 3
112 130 3
89 56 5
128 89 7
4 25 1
48 29 7
13 91 6
55 44 7
61 147 6
11 115 7
43 131 6
81 86 9
40 41 2
34 17 5
79 34 2
35 23 9
54 63 2
122 17 7
29 67 8
122 46 4
117 148 5
77 106 1
26 9 6
121 98 6
137 51 9
134 127 2
29 87 6
116 129 7
105 53 1
122 14 1
144 38 9
6 88 9
13 133 9
51 3 9
82 131 4
145 92 5
127 110 7
97 108 9
29 130 2
25 103 2
80 54 4
42 68 1
48 3 2
120 25 8
51 115 2
92 18 4
90 32 5
38 29 5
37 92 6
37 12 8
112 14 1
133 37 6
116 99 6
125 123 1
21 144 7
95 103 7
35 126 7
1 125 3
51 143 3
55 147 1
91 103 4
101 79 5
21 91 6
17 8 3
89 41 1
79 48 1
26 24 5
112 23 2
101 36 8
115 99 8
145 129 2
9 86 8
8 106 8
94 20 2
126 74 6
74 144 6
112 136 1
91 131 5
132 142 3
1 95 7
23 7 4
31 38 4
135 89 9
3 70 1
2 142 9
78 138 2
117 25 2
3 24 7
93 26 8
58 118 5
1 54 1
102 69 6
86 18 5
54 25 9
54 39 8
8 119 9
102 7 4
148 57 8
9 137 7
141 16 6
6 63 9
47 124 9
97 67 1
53 123 2
23 137 9
140 34 2
71 26 3
123 100 1
32 74 2
130 90 3
135 73 9
82 65 2
80 61 7
27 60 5
92 148 9
139 143 4
24 80 3
70 87 6
45 140 7
121 132 7
19 12 7
114 131 9
29 104 6
91 71 6
131 19 2
35 7 5
31 108 1
113 89 2
49 109 1
90 101 2
57 130 3
129 69 7
115 61 8
38 73 1
118 56 8
51 110 7
90 128 6
7 36 8
87 9 1
137 136 9
8 78 4
44 94 6
71 45 2
104 16 3
3 28 2
18 72 8
96 3 5
23 12 7
148 38 9
125 8 8
2 130 9
82 95 7
112 79 1
50 32 9
61 19 5
70 133 8
101 60 9
37 69 5
33 59 8
137 13 8
25 106 9
105 41 1
14 31 5
129 25 5
52 65 2
78 148 4
89 63 9
81 80 2
131 68 3
54 91 8
103 113 3
113 80 7
61 29 9
20 48 5
5 44 5
141 55 1
87 133 2
149 4 5
16 138 2
88 118 2
104 7 5
144 142 4
7 78 5
27 20 4
76 17 3
2 49 2
123 9 8
62 137 2
140 149 3
138 9 7
34 43 3
71 125 3
124 37 5
0 116 3
32 1 6
121 93 8
96 58 1
21 23 2
90 100 9
24 11 9
147 15 5
112 48 1
117 61 3
11 90 9
144 117 8
19 40 6
9 40 7
11 0 9
90 91 4
82 56 8
89 27 6
70 106 1
78 26 3
65 39 3
35 128 7
52 114 4
33 80 4
16 42 5
106 110 7
103 54 7
65 38 9
6 42 8
44 147 9
24 49 5
8 147 3
147 6 2
57 97 6
22 119 9
33 101 4
56 2 2
134 140 4
131 11 4
96 22 1
125 57 7
2 101 1
94 24 4
37 20 9
61 133 1
41 5 6
82 142 5
89 74 4
143 55 7
59 95 9
137 31 5
13 140 2
68 110 3
67 93 7
141 45 1
6 14 7
1 136 8
145 87 1
32 49 1
90 20 9
12 89 7
51 149 3
75 139 8
71 119 6
113 58 8
109 67 4
14 76 4
69 33 5
57 98 5
149 14 7
106 56 1
141 93 4
148 107 2
108 141 5
124 86 1
56 92 9
124 132 2
2 53 7
26 81 5
116 62 9
52 69 4
149 66 9
58 28 8
124 34 8
11 94 1
77 144 2
46 117 9
61 12 9
30 14 8
138 101 8
32 17 2
59 135 5
73 106 3
82 80 1
78 58 1
5 90 3
43 40 8
114 22 2
140 116 5
18 11 4
14 33 6
6 123 4
40 18 6
21 70 3
86 7 3
124 85 7
31 129 3
134 107 9
71 117 5
83 31 8
20 100 8
55 86 3
129 49 5
126 70 6
43 47 2
129 71 2
59 145 2
21 24 6
138 106 8
27 46 4
60 59 9
42 34 7
19 21 3
101 21 3
88 35 8
112 38 5
107 14 7
81 12 1
82 123 4
119 46 6
124 32 7
147 21 8
110 16 6
119 113 8
56 0 5
72 53 5
14 116 4
55 62 9
75 143 2
144 3 8
119 102 4
5 74 1
71 73 3
112 71 9
143 104 8
114 14 1
130 138 8
2 114 6
48 5 4
33 133 6
4 46 9
117 104 1
21 41 6
78 27 1
1 29 2
45 19 2
135 77 1
95 105 7
25 40 1
84 16 2
145 115 8
79 106 9
141 80 6
75 148 1
26 11 7
44 142 6
65 42 9
115 100 6
6 78 9
85 66 4
73 81 2
96 36 8
32 100 1
61 16 3
27 125 8
97 12 3
35 29 8
134 14 5
53 94 3
42 149 9
52 19 4
97 92 7
75 45 7
99 126 8
136 13 1
79 0 6
117 127 6
78 60 7
13 95 9
72 13 7
99 53 7
109 95 1
71 122 5
28 73 7
29 124 5
104 85 2
107 102 1
67 12 7
39 70 2
57 112 1
116 125 7
29 144 3
21 11 6
120 5 1
63 37 2
0 51 6
128 49 9
19 1 2
42 5 4
76 117 9
36 129 9
127 30 5
77 47 9
13 119 9
56 35 4
55 53 1
132 46 6
42 19 7
112 46 9
94 45 3
113 100 3
85 44 5
49 22 5
67 107 4
51 43 6
149 88 1
79 142 5
100 10 7
138 5 5
123 94 9
49 104 1
116 37 2
10 58 8
145 68 5
128 117 5
27 130 2
15 144 7
131 65 5
119 57 6
63 142 5
144 67 4
149 25 1
11 137 9
122 32 5
111 21 8
15 109 8
92 35 2
19 41 9
20 44 7
116 9 5
110 10 1
58 110 3
125 91 9
49 89 3
134 9 1
46 133 8
5 35 8
124 125 6
101 140 1
9 62 9
14 83 2
54 20 7
23 25 5
93 71 3
92 99 9
31 100 8
34 0 7
54 85 6
122 65 4
97 145 1
67 56 3
67 52 3
74 70 1
59 111 9
136 54 9
64 116 4
137 29 9
72 149 5
148 63 3
138 18 6
80 29 4
10 32 4
51 73 8
66 6 6
108 1 1
26 138 8
45 109 1
74 40 3
135 61 2
27 57 5
105 5 1
44 93 2
104 99 4
27 111 1
93 48 4
87 24 9
95 76 8
23 131 3
84 85 6
149 125 6
36 120 4
100 22 6
81 135 7
67 2 9
55 121 4
70 145 3
36 25 6
116 144 6
126 30 9
35 3 6
54 144 6
40 134 4
138 99 6
97 13 5
17 23 4
22 102 8
136 36 5
113 120 2
35 30 4
32 29 3
47 39 4
113 70 7
66 134 3
92 133 2
40 0 4
39 72 8
126 91 5
60 74 2
117 41 5
63 129 7
136 47 7
63 15 8
86 145 1
66 121 9
122 104 2
31 122 3
6 141 7
95 31 1
114 78 8
72 108 3
3 69 6
125 140 8
33 76 4
40 143 4
134 21 6
76 41 8
41 20 8
53 6 6
8 105 2
111 113 4
143 66 6
96 124 4
60 40 1
135 8 5
89 7 1
138 94 8
128 78 6
1 118 6
54 66 6
124 35 8
86 71 4
115 113 3
52 135 7
23 51 3
23 34 3
89 23 5
19 133 3
63 128 8
86 142 7
77 55 2
49 139 6
85 74 9
148 133 5
144 149 7
26 10 2
70 40 4
58 13 1
21 107 9
25 123 5
133 62 4
144 11 8
84 0 2
129 112 9
123 41 4
83 40 2
71 72 7
25 59 8
62 102 2
68 14 1
1 120 8
29 6 5
40 117 6
135 6 9
45 110 1
125 119 8
79 39 2
93 108 4
42 117 2
119 137 3
115 140 2
31 28 6
6 115 9
46 6 5
123 87 8
77 37 9
3 86 1
89 16 4
102 56 7
77 45 6
29 4 3
82 133 4
44 103 1
1 140 6
76 143 6
37 35 9
124 56 7
8 139 9
130 65 3
84 12 3
76 134 7
20 84 1
107 97 5
103 130 7
114 62 8
78 136 3
85 71 8
6 128 1
5 113 3
72 117 1
49 52 6
104 52 3
30 122 8
148 21 4
100 30 2
49 118 6
44 129 5
28 146 5
42 129 2
29 41 8
115 90 2
62 103 1
67 84 7
133 10 4
86 28 7
33 109 7
42 87 8
90 46 8
147 28 6
65 5 4
72 81 5
98 99 4
85 126 9
122 140 8
134 73 4
97 27 3
78 61 6
73 137 2
47 22 8
145 41 8
90 28 6
37 49 2
27 52 7
60 26 6
69 141 8
102 132 4
108 67 4
67 0 1
87 146 9
140 121 8
57 61 1
14 79 8
63 100 3
113 82 3
116 29 9
38 95 5
126 52 5
123 68 4
35 99 1
106 136 5
108 146 1
141 36 2
66 105 3
71 29 7
92 132 9
64 91 2
72 128 1
125 120 2
149 80 2
40 132 7
53 27 7
133 15 2
66 40 3
46 36 9
63 87 9
97 10 9
149 5 6
95 36 8
80 133 4
20 51 5
22 68 4
92 25 8
83 123 6
79 147 6
60 56 3
40 50 1
8 149 1
23 68 1
47 49 3
126 49 1
36 89 4
81 27 3
122 22 4
36 114 9
59 142 5
79 86 3
15 100 4
53 122 7
115 24 2
110 86 9
70 100 3
73 2 7
147 14 9
48 10 7
105 142 9
44 72 2
78 15 9
51 128 9
125 54 2
54 100 4
69 77 5
23 126 6
127 103 5
125 146 8
32 45 6
78 41 7
63 103 2
0 141 1
63 41 8
126 34 8
107 76 2
118 38 9
105 128 7
49 136 9
52 112 2
110 126 6
141 52 6
3 118 1
17 7 2
85 116 2
102 54 1
4 97 5
121 84 7
143 18 4
24 52 2
30 90 2
71 120 8
19 126 8
16 109 3
112 91 8
60 34 8
121 34 2
111 123 7
99 49 2
20 60 9
87 116 2
79 102 1
107 22 8
105 96 8
9 89 2
82 48 2
117 32 4
18 29 3
130 51 2
88 34 7
25 61 9
9 126 6
40 138 7
142 134 1
17 79 9
19 83 2
52 35 1
74 124 7
139 61 2
138 70 5
22 108 9
126 53 9
38 80 5
123 110 6
82 139 2
134 77 3
75 64 3
40 3 4
16 139 9
53 100 6
129 74 5
0 144 2
5 9 4
11 8 4
2 58 4
129 99 7
47 145 9
57 74 3
114 54 3
34 65 2
136 99 4
34 102 5
114 53 5
46 101 2
141 12 7
3 56 3
87 85 5
13 132 4
137 94 4
75 42 9
126 59 8
99 78 8
138 12 7
47 146 5
75 119 3
91 110 4
124 116 4
63 3 3
98 124 8
99 46 8
59 82 3
12 145 9
91 92 2
82 14 4
50 10 4
87 107 2
4 3 1
18 36 5
142 115 7
90 76 6
8 112 1
33 67 9
101 93 3
119 120 1
22 56 1
26 99 2
144 42 7
103 122 2
40 73 5
25 11 9
19 98 5
81 71 6
110 148 2
88 96 9
138 59 9
22 149 6
74 88 1
36 54 2
146 70 7
134 86 7
83 39 7
88 21 2
40 61 2
92 116 9
59 7 9
117 64 9
98 14 9
33 26 4
148 93 3
113 101 2
75 147 1
10 25 2
124 115 4
54 10 4
56 15 6
147 112 6
103 51 9
78 81 6
138 38 9
148 23 8
126 148 9
66 61 1
113 11 1
126 102 3
64 11 6
64 128 6
22 63 5
38 123 5
13 81 2
33 86 4
136 102 7
149 55 9
108 3 2
128 20 7
77 128 7
67 119 4
51 98 6
138 74 1
10 148 4
107 104 9
35 49 4
80 139 4
78 16 4
30 140 2
62 32 7
134 70 9
101 37 1
119 129 2
101 83 9
46 9 6
64 106 6
27 147 3
36 123 4
120 131 5
32 15 9
8 9 5
5 23 5
35 138 9
23 94 8
59 66 5
134 7 7
1 137 3
2 88 4
30 109 3
111 55 2
53 66 5
147 139 4
132 49 9
102 111 3
21 4 6
64 82 3
28 61 4
77 38 2
42 17 9
80 110 8
90 85 5
57 66 4
5 56 5
20 46 1
40 21 4
51 145 8
20 82 5
137 30 8
135 16 1
47 17 6
33 107 9
71 145 6
138 8 4
35 117 2
69 30 2
77 143 5
40 44 1
20 88 9
125 74 9
78 130 4
113 104 1
49 20 7
112 43 1
127 62 3
80 93 8
71 16 3
24 0 6
67 69 5
139 53 7
122 78 2
43 79 7
89 34 7
1 146 2
7 125 3
135 64 5
108 149 9
43 94 4
16 133 9
125 78 8
127 143 6
76 127 4
20 16 8
122 130 9
65 22 8
57 129 8
7 34 9
110 88 5
97 19 9
1 107 8
141 24 9
91 118 5
81 58 1
62 91 8
148 132 2
37 110 3
97 126 3
20 21 8
108 32 1
101 48 7
25 109 4
141 125 1
79 113 8
6 57 8
125 87 2
22 17 4
19 114 4
49 138 3
67 34 5
9 124 8
121 6 7
84 1 3
67 63 6
121 86 8
138 81 1
22 27 2
97 142 3
108 134 5
4 48 6
87 118 2
137 148 7
61 8 2
55 22 4
23 80 4
115 133 9
73 64 1
47 80 5
61 97 8
107 89 5
43 62 7
127 128 6
95 91 8
7 37 4
15 119 6
103 111 2
141 142 9
146 7 8
55 75 9
140 24 4
54 5 4
138 117 9
83 32 9
36 106 8
16 85 4
19 38 2
118 69 9
80 26 1
79 18 7
80 124 8
30 98 3
112 45 7
119 117 9
139 17 9
61 4 5
79 8 8
149 96 1
76 128 1
123 48 4
11 145 6
67 103 7
107 6 1
130 85 1
142 84 2
27 58 7
14 130 5
47 122 5
74 69 2
74 26 7
19 129 7
34 106 3
91 20 3
66 7 4
19 138 8
136 38 9
147 54 3
12 8 7
115 109 8
40 92 6
107 141 4
142 147 4
105 6 2
127 37 1
90 97 5
89 141 9
142 89 5
6 17 6
95 111 1
30 131 8
76 112 6
130 52 4
40 8 3
100 56 4
93 13 6
135 92 9
93 124 8
112 16 5
81 9 3
120 56 8
53 131 2
134 112 9
81 66 7
85 9 8
12 22 2
56 23 6
73 74 5
101 87 9
4 90 2
63 76 6
88 81 4
92 12 6
31 74 8
51 6 4
147 38 8
130 72 4
24 66 8
50 138 3
86 74 5
56 110 8
88 89 7
89 33 8
18 62 2
58 21 1
67 19 5
35 137 7
76 94 1
148 30 2
10 126 6
3 8 1
36 10 4
149 34 1
4 92 1
88 14 2
94 83 1
37 27 2
132 86 5
21 99 4
127 130 3
75 115 7
32 114 5
149 107 6
131 78 9
129 147 5
42 103 3
56 86 2
90 96 2
59 89 4
82 84 7
135 102 7
58 41 3
89 17 9
4 93 4
84 101 8
147 0 6
94 15 7
127 21 7
84 127 2
13 80 4
33 46 4
87 78 3
20 116 1
73 132 1
13 126 8
129 128 8
134 89 7
115 87 8
117 130 3
113 137 7
93 63 7
107 7 2
139 89 3
126 146 2
89 116 6
137 16 5
133 110 6
18 70 7
105 0 2
94 3 7
87 142 6
17 130 6
77 147 7
33 126 8
80 60 9
149 100 2
109 18 9
29 118 1
12 90 9
52 138 8
129 7 1
67 1 9
128 116 2
147 89 7
136 24 7
59 80 5
90 113 8
89 21 4
94 149 4
41 55 3
85 12 3
62 66 5
7 4 8
113 72 3
83 15 4
73 149 6
16 13 7
119 61 3
86 127 2
107 30 3
136 135 2
90 108 8
51 66 5
36 72 5
94 9 6
42 14 8
102 27 2
68 102 8
18 49 5
134 10 6
57 100 6
77 121 8
111 79 3
80 135 3
142 3 9
79 22 8
21 9 7
56 108 3
27 4 1
140 28 6
127 44 9
121 40 9
142 23 3
46 134 7
102 66 2
29 34 4
52 58 6
92 29 2
128 23 9
55 11 2
120 44 8
61 74 5
79 92 1
80 42 3
23 81 8
114 0 3
59 12 1
47 53 8
23 140 5
34 62 4
142 5 5
22 95 2
16 39 8
92 45 4
92 47 8
141 103 5
127 94 2
7 138 6
103 94 5
97 30 5
28 29 5
115 45 6
74 120 2
23 45 8
115 25 1
84 114 7
2 149 3
130 31 9
48 59 8
40 79 1
26 12 8
47 66 9
31 23 1
24 56 3
91 0 7
96 63 9
90 106 8
129 81 1
34 90 3
135 140 6
104 73 9
59 4 1
0 96 6
115 68 1
124 51 4
132 36 8
88 65 3
99 66 3
62 145 7
96 47 6
80 15 8
110 35 9
91 123 1
42 30 3
36 75 6
123 132 7
90 80 6
82 105 8
135 142 2
103 20 3
110 113 8
40 31 8
142 0 7
69 110 8
142 85 6
41 95 1
52 107 7
146 122 8
60 73 6
117 121 1
96 55 3
124 90 6
25 114 1
19 70 7
103 126 3
32 18 1
74 96 1
27 149 2
91 15 7
13 40 9
96 59 3
46 0 4
60 90 3
145 90 8
53 44 2
6 93 2
49 98 7
16 146 5
127 132 4
98 127 2
110 107 9
38 42 5
99 143 7
110 139 2
28 50 5
127 109 6
87 102 3
14 13 1
127 66 3
99 73 4
92 139 9
46 39 5
6 52 1
106 78 3
124 64 3
11 143 5
42 147 1
65 109 6
93 82 2
2 50 3
5 134 2
36 1 2
17 48 1
20 6 8
121 105 7
121 70 3
111 72 3
93 132 4
147 40 8
27 145 3
4 109 8
6 113 2
77 137 9
112 37 6
65 141 1
39 42 3
57 58 1
59 28 5
24 105 6
91 23 2
11 142 1
75 145 5
68 144 3
45 134 1
139 146 3
32 46 2
44 26 2
3 18 1
87 67 5
127 63 8
138 17 1
84 8 8
37 85 3
94 75 8
3 102 2
29 83 8
28 83 7
99 137 8
137 105 1
78 0 3
49 59 7
13 144 1
80 11 1
2 102 5
45 147 3
53 117 2
108 79 3
78 126 2
83 65 1
42 31 8
115 112 1
67 91 3
7 90 6
131 87 7
13 43 7
99 146 6
133 48 3
80 85 2
84 39 1
105 145 8
44 74 4
41 100 6
33 83 5
83 34 2
34 142 2
132 11 5
0 125 6
87 17 8
48 33 3
35 113 7
99 2 5
30 27 6
111 120 1
32 69 2
119 20 5
46 16 2
22 74 2
133 112 4
80 8 9
52 106 5
127 100 3
13 26 8
3 0 5
55 46 3
97 3 2
73 52 7
128 113 3
59 116 9
147 144 4
14 105 8
96 132 8
70 92 7
8 82 5
106 17 9
137 90 4
4 126 4
31 6 7
25 147 3
103 74 9
10 65 8
77 132 3
96 57 3
18 55 2
45 102 1
48 95 2
147 115 7
0 45 5
102 26 2
101 8 4
101 43 7
142 124 9
104 75 2
20 133 5
32 20 5
141 92 9
76 74 6
125 88 4
127 85 9
23 138 6
64 113 7
125 47 4
80 3 8
103 123 7
22 6 3
99 127 7
74 116 4
37 146 7
31 59 5
47 10 7
1 50 8
129 135 2
42 52 9
63 60 1
31 51 5
142 103 2
34 31 7
59 75 8
14 48 4
136 97 3
21 109 5
73 46 6
108 77 6
55 74 7
133 103 4
1 7 7
79 30 1
138 29 1
5 37 4
78 146 9
54 109 8
106 19 1
97 85 8
78 94 4
60 10 8
42 3 2
24 61 6
131 72 9
1 98 3
16 87 9
106 69 9
4 50 3
27 3 6
125 135 6
41 0 9
122 123 3
53 21 4
126 105 7
15 127 3
38 8 8
35 143 5
118 112 9
6 142 8
40 115 7
147 148 1
84 61 1
5 72 2
8 118 2
5 98 4
109 93 3
33 65 5
90 72 8
124 6 6
2 134 1
33 20 2
74 112 5
31 102 7
114 100 3
98 56 6
15 98 8
71 108 7
58 25 1
32 111 3
85 99 7
109 59 2
68 103 8
147 100 5
19 54 8
40 63 3
37 141 6
56 33 4
149 24 2
6 131 1
33 81 2
71 95 9
67 129 2
38 13 8
4 70 3
30 33 5
139 125 5
18 20 6
40 82 2
60 98 7
125 56 9
119 42 7
131 86 6
146 127 8
51 46 5
27 25 7
137 86 7
33 78 1
97 88 9
37 29 7
44 36 7
54 16 8
59 115 7
54 143 4
43 14 5
107 24 2
142 72 1
105 32 9
27 34 2
26 20 5
77 93 6
123 89 3
32 119 1
46 93 5
29 17 6
147 104 5
25 30 8
1 34 5
30 84 2
132 83 3
132 39 7
145 114 8
4 77 1
126 48 1
15 24 5
76 146 5
83 99 1
95 58 2
95 146 7
9 103 3
16 58 2
128 102 8
124 53 4
92 7 5
105 116 5
118 86 6
77 3 3
111 127 3
59 76 7
68 60 4
92 34 5
84 102 8
81 110 2
98 97 3
2 57 9
45 63 5
7 54 9
90 104 5
48 142 1
100 58 5
1 104 2
0 18 8
65 91 7
25 121 8
133 25 9
13 99 5
77 92 6
6 149 8
95 9 2
123 139 6
101 131 4
85 56 7
7 77 7
33 44 6
64 139 8
32 5 1
86 26 9
68 4 7
86 128 5
10 115 5
96 112 4
95 49 1
76 26 2
137 27 5
69 89 7
111 96 1
135 98 9
121 83 9
23 20 8
103 18 7
26 137 9
9 31 9
0 93 5
121 79 5
25 33 5
58 39 6
128 109 3
4 105 2
90 64 5
8 117 2
13 118 7
99 45 9
79 46 7
36 39 4
21 30 3
143 122 8
5 144 1
84 137 9
58 91 4
117 51 9
45 51 5
90 65 4
78 62 7
9 3 5
68 107 5
62 104 8
94 21 6
71 113 9
2 61 7
36 105 9
17 137 1
124 113 4
70 31 4
44 76 4
8 60 6
102 43 3
147 7 1
102 53 7
112 10 4
115 29 4
5 127 3
41 110 3
44 138 4
95 60 6
108 57 2
60 35 9
119 74 1
3 113 3
24 88 6
42 137 8
82 86 7
91 117 9
60 28 6
23 55 1
17 75 5
142 69 9
38 122 2
65 35 5
137 95 7
123 60 7
133 90 7
9 22 7
92 147 9
8 72 5
135 28 4
86 63 9
24 119 9
134 123 2
61 65 6
134 128 5
134 57 3
36 12 3
92 31 6
19 32 8
113 97 7
29 52 1
27 114 6
46 96 4
34 32 8
126 141 9
119 50 8
15 86 5
59 141 8
64 42 1
109 11 8
50 43 2
58 60 6
67 25 8
19 24 2
2 35 2
89 46 9
144 93 4
118 138 6
118 6 2
126 88 1
5 20 5
91 121 3
73 143 2
106 50 6
69 79 3
19 143 8
29 0 1
65 23 7
82 16 5
56 129 5
3 71 4
49 17 4
100 101 1
72 41 1
77 125 9
136 132 2
19 118 4
20 87 5
111 148 9
121 94 1
99 107 6
139 128 8
64 63 2
96 43 4
53 4 3
119 134 7
1 94 4
31 8 1
130 98 2
60 64 3
115 20 3
47 2 3
52 113 8
95 68 4
126 93 6
91 77 8
19 85 1
46 75 4
28 46 5
4 148 6
83 112 8
93 28 9
67 46 4
85 149 2
2 90 1
88 92 7
15 75 9
90 69 6
73 9 2
118 95 3
54 74 7
64 84 7
22 80 9
128 30 5
56 10 7
111 1 8
57 38 6
39 48 4
93 66 8
45 104 7
0 88 2
67 61 8
9 43 9
126 8 8
33 16 7
64 122 9
59 137 1
54 11 5
73 147 4
55 145 9
12 53 9
96 127 5
128 0 2
103 101 4
139 105 1
129 141 5
30 8 5
93 146 3
20 83 4
109 111 5
109 41 1
37 67 2
133 53 2
126 27 5
44 9 8
116 82 1
118 113 9
14 94 4
8 46 2
138 140 2
36 51 5
61 140 8
66 139 1
36 2 8
119 62 6
21 125 7
132 48 5
31 87 8
103 96 7
81 16 9
108 102 2
66 2 5
97 77 9
102 103 4
1 10 3
29 76 6
143 125 7
14 146 2
118 48 6
12 76 9
146 29 7
37 100 7
123 67 7
72 66 5
87 89 9
41 130 3
135 134 1
52 62 3
70 52 7
141 139 9
81 57 4
58 26 7
70 68 3
11 72 6
37 47 2
27 96 5
84 31 7
73 97 4
55 115 3
139 77 1
35 114 7
29 72 5
13 46 2
91 41 3
69 91 1
107 64 8
29 19 8
19 34 1
93 57 5
25 14 5
140 79 1
39 110 5
72 118 8
66 131 2
145 5 3
144 57 3
37 103 7
31 131 1
87 130 5
14 38 3
118 90 9
125 86 8
68 139 3
97 78 9
123 136 9
19 121 4
62 4 4
76 64 6
36 133 5
97 29 5
1 90 4
110 142 4
66 48 4
64 54 7
118 7 2
111 61 9
27 13 5
12 101 7
65 108 1
96 38 1
101 0 4
106 139 8
52 20 3
33 24 6
15 87 3
28 94 4
25 15 9
147 34 9
47 32 4
105 28 7
22 36 1
98 111 2
139 22 3
80 55 3
23 115 6
87 108 2
116 65 5
143 74 8
16 65 4
33 35 4
54 120 4
53 115 8
86 13 7
6 5 8
15 118 3
17 68 8
75 39 6
38 117 4
41 30 2
74 84 7
85 131 8
88 52 1
84 48 1
66 23 4
3 25 7
60 89 1
75 138 9
136 131 6
131 123 5
2 87 7
40 102 6
33 100 5
112 135 5
56 140 6
98 59 5
22 8 2
5 53 1
97 35 5
58 124 6
107 124 1
97 112 2
40 5 1
78 143 1
37 129 1
88 108 2
89 103 1
28 137 3
135 2 1
106 5 3
146 135 1
81 123 5
76 48 4
22 18 1
9 70 5
148 45 9
95 12 9
0 59 6
149 119 5
38 108 2
100 23 5
139 12 5
102 90 8
33 79 2
42 48 8
105 79 6
29 133 6
140 87 4
75 18 9
42 37 5
115 58 2
8 56 8
16 25 6
144 114 5
76 88 7
97 34 8
74 137 4
52 147 1
146 74 9
41 47 1
28 139 5
40 11 4
93 118 9
142 123 1
14 55 2
54 77 8
53 97 8
15 114 3
64 26 2
99 1 6
85 55 1
105 45 5
53 31 9
149 148 7
23 124 8
64 31 3
81 143 2
52 118 5
115 49 9
110 95 5
5 85 2
111 126 4
49 80 6
34 44 8
7 41 3
80 32 4
10 99 5
86 43 7
30 121 3
109 137 4
81 45 1
108 107 4
134 137 8
42 111 7
130 1 4
94 115 5
53 57 5
60 126 8
140 81 4
121 103 4
123 5 8
62 25 9
37 71 2
80 17 2
136 42 1
31 80 5
54 8 3
114 18 5
140 47 7
0 35 5
10 143 5
22 32 2
109 85 6
61 108 4
22 143 5
106 60 9
90 59 1
25 35 1
12 134 3
138 72 8
149 61 4
58 117 4
98 34 2
110 94 2
27 8 3
83 1 2
58 128 8
82 106 6
66 90 3
103 69 5
122 87 5
149 16 7
122 77 2
84 117 8
7 97 3
120 66 2
46 45 2
104 79 9
24 30 9
100 97 3
29 82 7
66 55 5
111 100 3
61 129 4
94 26 8
125 138 6
24 113 5
125 111 5
34 58 1
39 55 3
95 8 7
136 140 9
13 122 9
46 38 4
111 87 9
68 10 3
94 92 9
136 90 1
110 130 1
39 38 5
24 100 7
64 80 7
119 3 5
107 85 7
16 36 9
8 86 2
63 99 8
127 97 3
124 144 7
81 79 3
24 70 9
14 132 5
69 16 9
121 133 3
85 72 8
86 139 4
41 144 6
32 14 8
9 24 9
53 109 7
87 134 2
55 48 4
95 134 7
134 41 4
59 129 2
2 46 2
147 110 5
83 11 2
106 55 8
97 124 6
107 81 4
123 143 6
3 74 1
122 21 5
18 27 7
73 29 3
90 57 5
4 63 5
93 89 5
94 134 4
35 135 7
111 71 6
39 74 3
58 4 1
41 94 6
143 131 5
34 40 2
27 121 2
51 88 2
68 18 1
126 135 8
78 113 2
86 17 1
85 20 1
53 60 1
38 91 3
70 108 3
125 60 7
135 117 4
85 61 6
38 69 7
143 56 2
54 12 7
63 114 8
65 84 4
73 126 1
49 38 6
149 135 2
112 104 3
144 43 3
38 24 1
112 86 6
80 35 1
81 34 3
96 2 5
39 98 4
139 107 9
35 61 1
111 86 8
141 50 7
145 140 1
94 139 5
38 7 5
143 38 7
102 17 8
149 38 2
142 116 8
123 130 6
119 44 9
36 147 1
45 131 5
21 117 8
142 14 1
81 19 3
127 19 3
90 77 5
136 55 1
58 130 2
101 70 6
132 94 6
146 109 4
32 51 6
60 146 3
6 69 2
119 18 6
129 142 1
49 16 3
109 97 8
81 122 3
97 8 6
54 59 8
101 69 9
5 117 2
110 6 5
118 98 8
29 14 5
127 139 8
53 37 8
1 51 2
5 147 9
76 102 4
33 132 8
102 104 8
53 90 4
30 120 9
110 117 3
12 6 4
67 137 1
33 91 3
65 28 2
105 101 8
128 19 1
89 10 1
101 76 1
130 13 6
41 107 5
9 117 5
50 97 8
46 116 5
23 38 2
116 17 6
78 140 5
26 149 9
31 116 2
85 147 1
26 57 7
109 81 4
124 106 3
58 126 6
141 143 8
71 143 5
42 135 9
99 5 2
134 33 1
123 46 8
64 74 7
149 145 9
103 70 3
116 39 5
99 50 5
27 19 5
22 31 9
19 134 3
30 82 1
9 63 6
118 102 6
76 124 5
80 134 1
11 141 8
37 108 7
74 77 4
83 124 8
132 45 3
97 48 9
69 5 1
125 18 9
84 22 3
134 15 3
71 102 9
22 101 5
51 92 4
84 122 2
109 69 2
52 143 5
42 92 3
115 91 4
8 65 8
50 30 5
48 86 5
105 16 2
48 80 9
57 126 3
86 14 2
47 134 1
56 128 5
69 63 2
116 12 8
142 94 4
45 37 3
115 101 7
50 42 7
16 19 8
92 127 5
30 112 5
53 120 7
15 97 5
111 9 6
96 126 6
2 74 2
65 12 9
133 147 1
9 93 6
39 19 3
2 54 1
116 30 6
125 48 7
115 136 8
122 126 9
69 126 1
106 14 9
9 72 6
64 66 3
65 9 9
26 51 6
105 65 1
56 81 8
84 100 9
55 49 4
14 47 9
127 2 9
82 34 7
136 95 9
55 70 3
52 123 9
2 44 8
86 31 6
45 25 3
124 88 5
104 9 4
143 96 8
113 125 7
26 35 6
131 89 1
11 111 9
93 91 1
148 140 5
122 80 5
65 117 6
136 122 7
53 34 7
129 84 3
14 52 5
35 18 4
95 78 1
62 2 4
16 66 9
60 32 2
91 82 5
5 43 4
75 136 5
50 112 3
136 44 6
34 68 1
85 35 8
107 120 9
43 116 9
9 54 3
42 125 4
51 129 2
109 1 9
100 107 5
13 98 3
42 86 3
39 99 9
116 103 7
95 21 3
41 99 1
79 144 1
135 127 3
69 80 1
7 33 3
104 65 7
59 104 1
27 43 8
103 90 2
20 40 6
113 86 3
85 115 6
66 79 2
49 39 3
95 80 6
53 68 6
140 120 3
85 134 6
90 135 1
16 52 5
129 93 3
77 127 5
70 48 1
104 68 6
91 127 9
37 84 4
11 87 9
126 149 8
119 111 3
44 132 7
143 61 2
107 118 2
125 98 4
84 83 6
34 123 7
130 36 2
7 32 6
143 80 3
49 108 9
33 73 2
31 143 7
20 96 7
131 64 1
65 81 6
90 71 2
75 73 2
50 137 5
70 117 7
53 104 8
148 9 2
90 56 4
103 5 3
148 96 2
48 25 7
3 106 8
64 18 9
5 78 2
94 5 9
105 147 9
9 57 2
30 43 2
84 34 7
62 22 2
25 34 5
55 108 9
51 120 6
90 50 2
70 43 1
147 29 1
37 23 9
13 2 5
38 74 1
115 117 8
122 76 7
94 16 4
30 32 2
52 63 4
135 30 6
50 88 6
112 145 5
85 128 2
59 69 8
43 60 8
124 30 1
16 29 3
148 54 4
131 144 1
44 105 7
14 28 1
91 87 1
49 92 7
58 19 4
58 9 5
79 95 4
66 46 3
132 51 1
33 88 8
98 140 6
68 51 1
63 115 1
108 103 7
115 97 9
72 145 7
45 120 3
32 135 4
79 94 1
49 101 2
2 140 5
52 131 2
83 90 3
53 148 4
132 9 8
43 16 7
49 66 1
7 30 1
83 81 5
46 91 3
2 11 2
10 17 7
51 39 5
12 49 9
45 8 6
99 37 4
27 144 2
40 111 9
143 105 8
8 91 8
63 136 9
82 26 3
48 81 8
10 87 8
90 18 9
79 21 6
79 119 6
95 40 9
37 22 1
142 127 6
107 98 3
26 3 8
9 76 8
135 50 6
34 18 4
117 92 8
124 146 5
8 32 2
70 89 8
102 60 5
51 116 8
114 126 6
35 130 6
68 49 8
132 112 7
149 138 9
88 73 9
85 96 6
96 121 7
37 78 9
121 134 3
87 120 2
39 40 3
32 134 5
129 9 1
58 121 6
145 21 2
84 41 9
121 144 2
109 129 8
142 91 1
35 45 7
44 68 9
47 113 8
135 96 8
46 104 5
26 112 4
36 28 5
135 100 2
9 36 7
35 89 5
85 3 4
38 35 2
109 55 1
43 72 5
85 121 6
48 104 1
142 114 4
128 25 6
92 108 6
34 59 3
42 82 1
91 81 1
53 83 9
18 88 9
35 73 4
5 34 2
142 52 7
116 86 7
139 69 1
35 111 3
112 0 5
90 105 4
43 23 8
29 111 3
75 91 2
81 96 5
139 33 6
81 14 4
30 58 8
38 67 8
